1	-5.181764	-5.181764	6.558006	6.558006	15.702630	15.702630
2	-5.241584	-5.211674	6.523293	6.540650	15.619354	15.660992
3	-5.160557	-5.194635	6.531564	6.537621	15.653964	15.658649
4	-5.020162	-5.151017	6.551574	6.541109	15.727828	15.675944
5	-4.989024	-5.118618	6.540732	6.541034	15.669697	15.674695
6	-5.117060	-5.118358	6.570446	6.545936	15.752241	15.687619
7	-5.149084	-5.122748	6.602679	6.554042	15.791992	15.702530
8	-5.219954	-5.134899	6.609718	6.561002	15.797995	15.714463
9	-5.165157	-5.138261	6.628002	6.568446	15.782732	15.722048
10	-5.162633	-5.140698	6.590893	6.570691	15.650994	15.714943
11	-5.146064	-5.141186	6.609416	6.574211	15.663119	15.710232
12	-5.260866	-5.151159	6.597871	6.576183	15.635652	15.704017
13	-5.199287	-5.154861	6.588672	6.577144	15.588576	15.695137
14	-5.276766	-5.163569	6.576651	6.577109	15.515132	15.682279
15	-5.293649	-5.172241	6.576273	6.577053	15.492311	15.669615
16	-5.196226	-5.173740	6.593377	6.578073	15.510892	15.659694
17	-5.161685	-5.173031	6.616151	6.580313	15.463782	15.648170
18	-5.264459	-5.178110	6.584067	6.580522	15.431918	15.636156
19	-5.160744	-5.177196	6.550514	6.578942	15.428512	15.625227
20	-5.167419	-5.176707	6.561736	6.578082	15.391718	15.613552
21	-5.216398	-5.178597	6.570605	6.577726	15.400657	15.603414
22	-5.107207	-5.175352	6.605153	6.578973	15.499474	15.598690
23	-5.117746	-5.172848	6.622745	6.580876	15.510241	15.594844
24	-5.206198	-5.174237	6.633724	6.583078	15.520856	15.591761
25	-5.339114	-5.180832	6.656334	6.586008	15.498866	15.588045
26	-5.408417	-5.189586	6.683574	6.589760	15.517585	15.585335
27	-5.479635	-5.200328	6.672340	6.592819	15.492237	15.581887
28	-5.400292	-5.207470	6.653168	6.594974	15.433701	15.576595
29	-5.257604	-5.209198	6.624663	6.595998	15.392992	15.570264
30	-5.228049	-5.209827	6.629361	6.597110	15.485704	15.567445
31	-5.207470	-5.209751	6.653108	6.598917	15.538346	15.566506
32	-5.216802	-5.209971	6.633046	6.599983	15.467625	15.563416
33	-5.201102	-5.209702	6.636799	6.601099	15.449550	15.559966
34	-5.121698	-5.207114	6.648710	6.602499	15.505840	15.558374
35	-5.170708	-5.206074	6.673659	6.604532	15.570804	15.558729
36	-5.309443	-5.208945	6.677275	6.606553	15.639028	15.560960
37	-5.215291	-5.209117	6.702476	6.609145	15.704969	15.564852
38	-5.107438	-5.206441	6.721928	6.612113	15.730213	15.569203
39	-5.100840	-5.203733	6.761108	6.615934	15.767227	15.574281
40	-5.287875	-5.205837	6.776704	6.619953	15.810527	15.580187
41	-5.247786	-5.206860	6.761930	6.623416	15.775123	15.584942
42	-5.266622	-5.208283	6.747454	6.626369	15.686392	15.587357
43	-5.472337	-5.214424	6.737526	6.628954	15.594401	15.587521
44	-5.536399	-5.221741	6.732936	6.631317	15.452602	15.584455
45	-5.473645	-5.227339	6.739659	6.633725	15.448679	15.581437
46	-5.444295	-5.232056	6.730217	6.635823	15.417120	15.577865
47	-5.469440	-5.237106	6.713447	6.637474	15.447524	15.575092
48	-5.306409	-5.238550	6.710979	6.639006	15.545699	15.574480
49	-5.237711	-5.238533	6.720382	6.640666	15.585946	15.574714
50	-5.179014	-5.237343	6.746555	6.642784	15.715049	15.577520
51	-5.021997	-5.233120	6.786146	6.645595	15.930018	15.584432
52	-4.997505	-5.228589	6.807024	6.648699	15.997194	15.592370
53	-4.975760	-5.223819	6.785545	6.651281	16.030089	15.600629
54	-5.192393	-5.223237	6.754289	6.653189	15.916161	15.606472
55	-5.364292	-5.225801	6.722430	6.654448	15.806795	15.610114
56	-5.498201	-5.230666	6.681738	6.654935	15.682513	15.611407
57	-5.374153	-5.233183	6.677637	6.655334	15.737641	15.613622
58	-5.600624	-5.239518	6.679799	6.655755	15.700496	15.615119
59	-5.471355	-5.243448	6.691618	6.656363	15.675155	15.616137
60	-5.354395	-5.245297	6.708299	6.657229	15.753857	15.618432
61	-5.339203	-5.246836	6.705603	6.658022	15.768183	15.620887
62	-5.421124	-5.249647	6.702987	6.658747	15.778729	15.623433
63	-5.634198	-5.255751	6.698518	6.659378	15.773509	15.625815
64	-5.654331	-5.261979	6.657902	6.659355	15.648481	15.626169
65	-5.804168	-5.270320	6.636614	6.659005	15.534288	15.624756
66	-5.510948	-5.273966	6.653942	6.658929	15.604665	15.624451
67	-5.323703	-5.274709	6.696175	6.659485	15.677558	15.625244
68	-5.285713	-5.274870	6.680220	6.659790	15.626882	15.625268
69	-5.007175	-5.270991	6.666356	6.659885	15.644582	15.625548
70	-5.059098	-5.267964	6.674498	6.660093	15.684420	15.626389
71	-5.152122	-5.266332	6.666819	6.660188	15.701654	15.627449
72	-5.165268	-5.264929	6.649342	6.660038	15.640935	15.627636
73	-5.050623	-5.261993	6.637935	6.659735	15.614791	15.627460
74	-4.940150	-5.257644	6.637571	6.659435	15.690926	15.628318
75	-5.032626	-5.254643	6.608059	6.658750	15.715678	15.629483
76	-5.077956	-5.252319	6.627290	6.658336	15.765543	15.631273
77	-5.113956	-5.250522	6.641801	6.658122	15.774527	15.633134
78	-5.163138	-5.249401	6.653486	6.658062	15.721924	15.634272
79	-5.181597	-5.248543	6.645318	6.657901	15.639036	15.634332
80	-5.249936	-5.248560	6.618493	6.657408	15.547182	15.633243
81	-5.273448	-5.248868	6.594211	6.656628	15.477551	15.631321
82	-5.261246	-5.249019	6.603068	6.655975	15.560537	15.630458
83	-5.318396	-5.249855	6.630847	6.655672	15.630330	15.630456
84	-5.286706	-5.250293	6.622430	6.655276	15.656989	15.630772
85	-5.361817	-5.251605	6.622688	6.654893	15.688788	15.631454
86	-5.342688	-5.252664	6.619521	6.654482	15.676055	15.631973
87	-5.230573	-5.252410	6.617651	6.654058	15.625037	15.631893
88	-5.281967	-5.252746	6.601399	6.653460	15.553485	15.631002
89	-5.445600	-5.254913	6.564475	6.652460	15.395130	15.628352
90	-5.580415	-5.258530	6.524051	6.651033	15.329497	15.625031
91	-5.367945	-5.259732	6.556291	6.649992	15.359294	15.622111
92	-5.124234	-5.258259	6.583613	6.649271	15.377083	15.619448
93	-5.223167	-5.257882	6.581489	6.648542	15.324196	15.616273
94	-5.241026	-5.257703	6.595468	6.647977	15.395818	15.613928
95	-5.184012	-5.256927	6.617602	6.647658	15.470761	15.612421
96	-5.294958	-5.257323	6.602447	6.647187	15.420766	15.610424
97	-5.285236	-5.257611	6.606302	6.646765	15.485867	15.609140
98	-5.435088	-5.259422	6.588671	6.646172	15.453625	15.607553
99	-5.490152	-5.261753	6.565231	6.645355	15.363488	15.605088
100	-5.566176	-5.264797	6.537914	6.644280	15.231701	15.601354
101	-5.660664	-5.268716	6.529591	6.643145	15.147816	15.596864
102	-5.627584	-5.272235	6.545571	6.642188	15.179391	15.592771
103	-5.447767	-5.273939	6.561473	6.641404	15.222261	15.589174
104	-5.355793	-5.274726	6.590075	6.640911	15.325429	15.586638
105	-5.348172	-5.275425	6.617742	6.640690	15.443610	15.585276
106	-5.249001	-5.275176	6.640882	6.640692	15.557562	15.585014
107	-5.064177	-5.273204	6.664343	6.640913	15.619969	15.585341
108	-4.950444	-5.270216	6.663943	6.641126	15.656224	15.585997
109	-5.118622	-5.268825	6.670218	6.641393	15.659464	15.586671
110	-5.139958	-5.267653	6.656652	6.641532	15.597709	15.586771
111	-5.102608	-5.266166	6.668933	6.641779	15.611784	15.586997
112	-5.106001	-5.264736	6.700562	6.642304	15.633952	15.587416
113	-5.305752	-5.265099	6.685559	6.642686	15.570212	15.587264
114	-5.351308	-5.265856	6.657384	6.642815	15.497778	15.586479
115	-5.333291	-5.266442	6.657548	6.642943	15.560212	15.586250
116	-5.437532	-5.267917	6.669755	6.643175	15.642720	15.586737
117	-5.424660	-5.269257	6.679967	6.643489	15.619148	15.587014
118	-5.377663	-5.270175	6.674817	6.643755	15.608308	15.587195
119	-5.242357	-5.269942	6.647479	6.643786	15.620783	15.587477
120	-5.261452	-5.269871	6.667056	6.643980	15.623060	15.587774
121	-5.370577	-5.270703	6.644906	6.643987	15.592686	15.587814
122	-5.490981	-5.272509	6.608758	6.643699	15.563251	15.587613
123	-5.392516	-5.273484	6.609037	6.643417	15.594113	15.587666
124	-5.374545	-5.274299	6.631844	6.643324	15.617110	15.587903
125	-5.331181	-5.274754	6.653816	6.643407	15.628482	15.588228
126	-5.286298	-5.274846	6.651888	6.643475	15.599467	15.588317
127	-5.361745	-5.275530	6.655895	6.643573	15.674830	15.588998
128	-5.342070	-5.276050	6.636166	6.643515	15.664993	15.589592
129	-5.247987	-5.275833	6.643102	6.643512	15.708983	15.590517
130	-5.425497	-5.276984	6.608673	6.643244	15.646262	15.590946
131	-5.551024	-5.279076	6.589946	6.642837	15.641025	15.591328
132	-5.415194	-5.280107	6.556716	6.642184	15.669953	15.591924
133	-5.233052	-5.279753	6.555452	6.641532	15.675109	15.592550
134	-5.208010	-5.279218	6.587268	6.641127	15.723583	15.593527
135	-5.232197	-5.278869	6.613523	6.640923	15.731432	15.594549
136	-5.156553	-5.277970	6.665670	6.641105	15.805484	15.596100
137	-5.299666	-5.278128	6.678742	6.641379	15.763016	15.597318
138	-5.395705	-5.278980	6.682824	6.641680	15.716355	15.598181
139	-5.382096	-5.279722	6.673689	6.641910	15.715719	15.599026
140	-5.275264	-5.279690	6.683024	6.642204	15.709207	15.599813
141	-5.195108	-5.279091	6.679673	6.642469	15.704971	15.600559
142	-5.305073	-5.279273	6.673926	6.642691	15.724735	15.601434
143	-5.370746	-5.279913	6.661860	6.642825	15.612129	15.601509
144	-5.474297	-5.281263	6.614680	6.642630	15.472294	15.600611
145	-5.302530	-5.281410	6.610657	6.642409	15.462008	15.599655
146	-5.273826	-5.281358	6.625401	6.642293	15.459779	15.598697
147	-5.170909	-5.280606	6.632175	6.642224	15.504013	15.598053
148	-5.294962	-5.280703	6.593067	6.641892	15.494077	15.597351
149	-5.261071	-5.280572	6.579726	6.641474	15.427825	15.596213
150	-5.301050	-5.280708	6.585194	6.641099	15.463605	15.595329
151	-5.360244	-5.281235	6.599031	6.640821	15.572627	15.595178
152	-5.348450	-5.281677	6.602221	6.640567	15.609844	15.595275
153	-5.430146	-5.282647	6.613068	6.640387	15.667068	15.595744
154	-5.457936	-5.283786	6.618295	6.640243	15.686203	15.596332
155	-5.461142	-5.284930	6.628427	6.640167	15.691402	15.596945
156	-5.426401	-5.285837	6.618996	6.640031	15.683783	15.597502
157	-5.481657	-5.287084	6.604327	6.639804	15.608469	15.597571
158	-5.476954	-5.288286	6.624099	6.639705	15.573339	15.597418
159	-5.433445	-5.289199	6.652575	6.639786	15.635244	15.597656
160	-5.401036	-5.289898	6.660582	6.639916	15.604924	15.597701
161	-5.511281	-5.291273	6.635127	6.639886	15.562268	15.597481
162	-5.479420	-5.292434	6.620601	6.639767	15.515326	15.596974
163	-5.399456	-5.293091	6.633134	6.639726	15.540639	15.596629
164	-5.299735	-5.293131	6.614642	6.639573	15.516759	15.596142
165	-5.162148	-5.292337	6.622245	6.639468	15.550215	15.595863
166	-5.076580	-5.291038	6.604007	6.639255	15.540575	15.595530
167	-5.001823	-5.289306	6.595604	6.638993	15.557886	15.595305
168	-5.097289	-5.288163	6.592484	6.638716	15.596541	15.595312
169	-5.190181	-5.287583	6.579456	6.638366	15.556817	15.595084
170	-5.247659	-5.287348	6.607041	6.638181	15.550433	15.594822
171	-5.206794	-5.286877	6.623206	6.638094	15.560313	15.594620
172	-5.492935	-5.288075	6.606534	6.637910	15.441702	15.593731
173	-5.414443	-5.288806	6.627519	6.637850	15.472984	15.593033
174	-5.512090	-5.290089	6.623237	6.637766	15.508695	15.592548
175	-5.282736	-5.290047	6.651263	6.637843	15.586529	15.592514
176	-5.251226	-5.289826	6.689355	6.638136	15.675717	15.592986
177	-5.388279	-5.290383	6.696057	6.638463	15.680256	15.593480
178	-5.395613	-5.290974	6.704984	6.638837	15.659851	15.593852
179	-5.388369	-5.291518	6.704007	6.639201	15.631073	15.594060
180	-5.366103	-5.291932	6.710692	6.639598	15.698577	15.594641
181	-5.278919	-5.291860	6.741995	6.640164	15.824893	15.595913
182	-5.198501	-5.291347	6.751491	6.640776	15.877285	15.597459
183	-5.234280	-5.291036	6.740093	6.641318	15.797953	15.598555
184	-5.328407	-5.291239	6.740483	6.641857	15.732358	15.599282
185	-5.214428	-5.290823	6.746305	6.642422	15.762723	15.600165
186	-5.178365	-5.290219	6.730145	6.642894	15.710753	15.600760
187	-5.224179	-5.289866	6.730806	6.643364	15.653104	15.601040
188	-5.217827	-5.289482	6.720352	6.643773	15.625442	15.601170
189	-5.341493	-5.289758	6.711424	6.644131	15.591844	15.601120
190	-5.149009	-5.289017	6.700433	6.644427	15.621028	15.601225
191	-5.131181	-5.288191	6.681215	6.644620	15.571741	15.601071
192	-5.239124	-5.287935	6.694671	6.644881	15.596698	15.601048
193	-5.237131	-5.287672	6.679398	6.645060	15.587492	15.600978
194	-5.245190	-5.287453	6.668188	6.645179	15.556608	15.600749
195	-5.156629	-5.286782	6.665572	6.645283	15.546017	15.600468
196	-5.351161	-5.287110	6.676715	6.645444	15.544132	15.600181
197	-5.488371	-5.288132	6.664258	6.645539	15.531975	15.599835
198	-5.282257	-5.288102	6.663316	6.645629	15.651311	15.600095
199	-5.205485	-5.287687	6.648800	6.645645	15.681311	15.600503
200	-5.075858	-5.286628	6.627413	6.645554	15.667158	15.600836
201	-5.146314	-5.285930	6.655813	6.645605	15.746254	15.601559
202	-5.133056	-5.285173	6.674144	6.645746	15.779352	15.602440
203	-5.099557	-5.284259	6.689534	6.645962	15.748965	15.603161
204	-5.207525	-5.283883	6.659338	6.646027	15.625109	15.603269
205	-5.438493	-5.284637	6.622852	6.645914	15.524708	15.602886
206	-5.591555	-5.286127	6.612922	6.645754	15.481148	15.602295
207	-5.744097	-5.288339	6.595806	6.645513	15.340669	15.601031
208	-5.537158	-5.289535	6.604567	6.645316	15.323789	15.599698
209	-5.396923	-5.290049	6.602286	6.645110	15.337423	15.598443
210	-5.388648	-5.290519	6.615231	6.644968	15.308389	15.597062
211	-5.276942	-5.290454	6.663124	6.645054	15.460750	15.596416
212	-5.501165	-5.291448	6.666091	6.645153	15.469484	15.595817
213	-5.383943	-5.291882	6.680716	6.645320	15.490045	15.595321
214	-5.301548	-5.291928	6.677313	6.645470	15.556482	15.595139
215	-5.372127	-5.292301	6.671215	6.645589	15.579893	15.595068
216	-5.270089	-5.292198	6.675999	6.645730	15.517946	15.594711
217	-5.306586	-5.292264	6.713690	6.646043	15.580336	15.594645
218	-5.336738	-5.292468	6.722207	6.646393	15.662290	15.594955
219	-5.290840	-5.292461	6.713445	6.646699	15.603362	15.594994
220	-5.314540	-5.292561	6.711506	6.646993	15.592916	15.594984
221	-5.268554	-5.292452	6.724534	6.647344	15.682406	15.595380
222	-5.167224	-5.291888	6.749805	6.647806	15.751988	15.596085
223	-5.206271	-5.291504	6.745269	6.648243	15.716959	15.596627
224	-5.195763	-5.291077	6.750248	6.648698	15.749304	15.597309
225	-5.173303	-5.290554	6.763588	6.649209	15.744753	15.597964
226	-5.230403	-5.290287	6.792161	6.649841	15.786794	15.598800
227	-5.146757	-5.289655	6.802500	6.650514	15.832975	15.599831
228	-5.200878	-5.289266	6.798232	6.651162	15.815899	15.600779
229	-5.219842	-5.288963	6.763210	6.651651	15.737739	15.601377
230	-5.262739	-5.288849	6.732697	6.652004	15.677140	15.601706
231	-5.388783	-5.289281	6.718831	6.652293	15.627717	15.601819
232	-5.376670	-5.289658	6.748146	6.652706	15.724134	15.602346
233	-5.347499	-5.289906	6.752074	6.653132	15.786706	15.603137
234	-5.319131	-5.290031	6.747221	6.653535	15.827734	15.604097
235	-5.395247	-5.290479	6.744918	6.653923	15.853257	15.605157
236	-5.238550	-5.290259	6.777088	6.654445	15.920191	15.606492
237	-5.113300	-5.289512	6.777381	6.654964	15.957900	15.607975
238	-5.088783	-5.288669	6.767131	6.655435	15.955701	15.609436
239	-5.043756	-5.287644	6.748043	6.655823	15.999836	15.611070
240	-4.910890	-5.286074	6.762455	6.656267	16.064615	15.612959
241	-4.969916	-5.284762	6.778285	6.656773	16.119534	15.615061
242	-5.026993	-5.283697	6.795534	6.657347	16.127261	15.617178
243	-5.028776	-5.282648	6.768029	6.657802	16.051101	15.618964
244	-5.208192	-5.282343	6.736457	6.658125	16.002191	15.620534
245	-5.347171	-5.282607	6.705656	6.658319	15.902285	15.621684
246	-5.329295	-5.282797	6.691935	6.658455	15.879422	15.622732
247	-5.285704	-5.282809	6.680118	6.658543	15.866160	15.623717
248	-5.430570	-5.283405	6.655426	6.658530	15.800786	15.624431
249	-5.396140	-5.283858	6.641665	6.658463	15.778132	15.625049
250	-5.197255	-5.283511	6.657872	6.658460	15.935988	15.626292
251	-5.144480	-5.282957	6.663702	6.658481	15.988519	15.627736
252	-5.079306	-5.282149	6.643419	6.658421	15.981095	15.629138
253	-5.297605	-5.282210	6.618905	6.658265	15.871989	15.630098
254	-5.373333	-5.282569	6.630789	6.658157	15.786127	15.630712
255	-5.241078	-5.282406	6.644582	6.658104	15.764924	15.631238
256	-5.404386	-5.282883	6.652871	6.658083	15.819389	15.631973
257	-5.448739	-5.283528	6.634826	6.657993	15.772217	15.632519
258	-5.468503	-5.284245	6.630578	6.657887	15.737248	15.632925
259	-5.656468	-5.285682	6.631720	6.657786	15.785909	15.633516
260	-5.804983	-5.287680	6.580872	6.657490	15.586837	15.633336
261	-5.565150	-5.288743	6.531889	6.657009	15.459828	15.632671
262	-5.513110	-5.289599	6.530476	6.656526	15.474172	15.632066
263	-5.598768	-5.290775	6.541623	6.656089	15.476643	15.631475
264	-5.488329	-5.291523	6.568971	6.655759	15.556397	15.631191
265	-5.543899	-5.292475	6.562433	6.655407	15.473798	15.630597
266	-5.562286	-5.293490	6.566301	6.655072	15.469727	15.629992
267	-5.549438	-5.294448	6.587987	6.654820	15.515780	15.629564
268	-5.476010	-5.295126	6.634688	6.654745	15.663696	15.629692
269	-5.208174	-5.294802	6.686558	6.654863	15.775981	15.630236
270	-5.282399	-5.294756	6.705078	6.655049	15.755986	15.630701
271	-5.483118	-5.295451	6.706754	6.655240	15.720864	15.631034
272	-5.472302	-5.296102	6.705579	6.655425	15.734148	15.631413
273	-5.346381	-5.296286	6.725286	6.655681	15.846245	15.632200
274	-5.248025	-5.296110	6.740844	6.655992	15.916199	15.633237
275	-5.305522	-5.296144	6.762405	6.656379	15.938414	15.634346
276	-5.576589	-5.297160	6.756361	6.656741	15.949523	15.635488
277	-5.613020	-5.298300	6.760366	6.657115	15.955093	15.636642
278	-5.602057	-5.299393	6.795714	6.657614	15.985713	15.637898
279	-5.183746	-5.298978	6.794019	6.658103	16.044873	15.639356
280	-5.187758	-5.298581	6.774673	6.658519	15.974590	15.640554
281	-5.288931	-5.298547	6.779715	6.658950	15.966474	15.641714
282	-5.279349	-5.298479	6.770218	6.659345	15.915340	15.642684
283	-5.254014	-5.298322	6.780662	6.659774	16.018791	15.644013
284	-5.230539	-5.298083	6.768910	6.660158	15.996605	15.645254
285	-5.113478	-5.297435	6.782754	6.660588	16.009405	15.646532
286	-5.151656	-5.296926	6.795022	6.661058	15.983124	15.647709
287	-5.092680	-5.296214	6.827455	6.661638	16.094410	15.649265
288	-5.248141	-5.296047	6.834841	6.662239	16.141716	15.650975
289	-5.403089	-5.296417	6.841742	6.662860	16.176568	15.652794
290	-5.279120	-5.296358	6.844489	6.663487	16.196614	15.654669
291	-5.259873	-5.296232	6.828568	6.664054	16.073377	15.656108
292	-5.433894	-5.296704	6.820388	6.664589	15.954234	15.657129
293	-5.328117	-5.296811	6.838870	6.665184	15.963711	15.658175
294	-5.147955	-5.296305	6.832288	6.665753	15.948408	15.659163
295	-5.269372	-5.296213	6.805629	6.666227	15.927102	15.660071
296	-5.310480	-5.296262	6.775541	6.666596	15.846040	15.660699
297	-5.198102	-5.295931	6.773973	6.666958	15.800775	15.661171
298	-5.243341	-5.295755	6.785644	6.667356	15.794952	15.661620
299	-5.304091	-5.295783	6.775000	6.667716	15.720291	15.661816
300	-5.369623	-5.296029	6.731392	6.667928	15.661847	15.661816
301	-5.322285	-5.296116	6.701659	6.668040	15.643504	15.661755
302	-5.486809	-5.296747	6.715618	6.668198	15.642036	15.661690
303	-5.595530	-5.297733	6.711166	6.668340	15.670124	15.661718
304	-5.490282	-5.298367	6.680103	6.668378	15.667595	15.661737
305	-5.545428	-5.299177	6.645774	6.668304	15.575550	15.661455
306	-5.426832	-5.299594	6.653116	6.668255	15.576590	15.661177
307	-5.480636	-5.300184	6.654530	6.668210	15.584371	15.660927
308	-5.595848	-5.301144	6.632347	6.668093	15.474297	15.660321
309	-5.428139	-5.301555	6.648212	6.668029	15.487870	15.659763
310	-5.243397	-5.301367	6.683699	6.668080	15.566897	15.659463
311	-5.194016	-5.301022	6.707475	6.668206	15.716656	15.659647
312	-5.294681	-5.301002	6.716361	6.668361	15.801206	15.660101
313	-5.353817	-5.301170	6.713317	6.668504	15.723102	15.660302
314	-5.279769	-5.301102	6.732074	6.668707	15.729486	15.660523
315	-5.464452	-5.301621	6.731524	6.668906	15.710343	15.660681
316	-5.403086	-5.301942	6.727886	6.669093	15.688318	15.660768
317	-5.429981	-5.302346	6.695375	6.669176	15.529023	15.660353
318	-5.315876	-5.302388	6.702056	6.669279	15.509685	15.659879
319	-5.290959	-5.302352	6.699126	6.669373	15.560583	15.659568
320	-5.324655	-5.302422	6.665774	6.669361	15.537305	15.659186
321	-5.496032	-5.303025	6.653316	6.669311	15.413451	15.658420
322	-5.432526	-5.303427	6.651527	6.669256	15.298114	15.657301
323	-5.390903	-5.303698	6.603137	6.669051	15.078758	15.655510
324	-5.387702	-5.303958	6.604546	6.668852	15.131943	15.653894
325	-5.422990	-5.304324	6.588077	6.668604	15.074437	15.652111
326	-5.353178	-5.304474	6.606690	6.668414	15.073503	15.650336
327	-5.332021	-5.304558	6.629509	6.668295	15.138868	15.648772
328	-5.319039	-5.304602	6.628579	6.668174	15.086271	15.647057
329	-5.386271	-5.304850	6.631695	6.668063	15.122709	15.645463
330	-5.501498	-5.305446	6.644355	6.667991	15.161760	15.643998
331	-5.564504	-5.306229	6.647856	6.667930	15.246687	15.642797
332	-5.361892	-5.306396	6.666412	6.667926	15.277616	15.641697
333	-5.208524	-5.306103	6.694172	6.668005	15.313372	15.640711
334	-5.136001	-5.305593	6.700230	6.668101	15.336833	15.639801
335	-5.128813	-5.305066	6.697757	6.668190	15.347806	15.638930
336	-5.189836	-5.304723	6.691472	6.668259	15.373845	15.638141
337	-5.316081	-5.304756	6.673018	6.668273	15.337937	15.637250
338	-5.527908	-5.305417	6.663287	6.668258	15.318871	15.636308
339	-5.537865	-5.306102	6.621044	6.668119	15.337013	15.635425
340	-5.517288	-5.306723	6.619589	6.667976	15.463509	15.634920
341	-5.476798	-5.307222	6.605461	6.667793	15.413844	15.634271
342	-5.635147	-5.308181	6.613627	6.667634	15.351576	15.633445
343	-5.581013	-5.308976	6.635663	6.667541	15.333711	15.632571
344	-5.505452	-5.309548	6.604878	6.667359	15.255116	15.631474
345	-5.468705	-5.310009	6.616710	6.667212	15.271351	15.630430
346	-5.517681	-5.310609	6.621927	6.667081	15.342766	15.629598
347	-5.395096	-5.310853	6.628866	6.666971	15.457256	15.629102
348	-5.340500	-5.310938	6.636874	6.666885	15.430847	15.628532
349	-5.263634	-5.310802	6.615530	6.666738	15.384583	15.627833
350	-5.235311	-5.310587	6.631572	6.666637	15.442488	15.627303
351	-5.266520	-5.310461	6.655020	6.666604	15.482222	15.626890
352	-5.245770	-5.310277	6.662992	6.666594	15.504485	15.626542
353	-5.111671	-5.309715	6.686861	6.666651	15.584526	15.626423
354	-5.069442	-5.309036	6.642291	6.666582	15.479621	15.626009
355	-5.128549	-5.308527	6.623137	6.666460	15.427704	15.625450
356	-5.052780	-5.307809	6.607858	6.666295	15.394329	15.624801
357	-5.084325	-5.307183	6.593697	6.666092	15.373729	15.624098
358	-5.096348	-5.306594	6.616813	6.665954	15.414655	15.623512
359	-5.047557	-5.305873	6.622021	6.665832	15.428294	15.622969
360	-5.202210	-5.305585	6.601610	6.665654	15.378433	15.622289
361	-5.456047	-5.306001	6.585018	6.665430	15.388089	15.621641
362	-5.532007	-5.306626	6.602411	6.665256	15.424369	15.621096
363	-5.364942	-5.306786	6.626285	6.665149	15.490584	15.620736
364	-5.337469	-5.306871	6.647044	6.665099	15.514163	15.620443
365	-5.243273	-5.306696	6.662302	6.665091	15.557563	15.620271
366	-5.073263	-5.306059	6.684738	6.665145	15.686738	15.620453
367	-5.110523	-5.305526	6.668066	6.665153	15.721518	15.620728
368	-5.047952	-5.304826	6.694097	6.665232	15.850037	15.621351
369	-5.040437	-5.304109	6.698589	6.665322	15.833745	15.621927
370	-4.990198	-5.303261	6.683560	6.665371	15.804572	15.622420
371	-4.992729	-5.302424	6.680228	6.665411	15.717133	15.622676
372	-4.998528	-5.301607	6.694216	6.665489	15.785750	15.623114
373	-5.076630	-5.301004	6.684935	6.665541	15.724400	15.623386
374	-5.063206	-5.300368	6.671755	6.665558	15.772667	15.623785
375	-5.173969	-5.300031	6.628322	6.665458	15.705412	15.624003
376	-5.280938	-5.299980	6.611474	6.665315	15.594535	15.623924
377	-5.306823	-5.299998	6.633468	6.665230	15.676418	15.624063
378	-5.331527	-5.300082	6.638479	6.665160	15.678951	15.624209
379	-5.186447	-5.299782	6.636172	6.665083	15.683100	15.624364
380	-5.028290	-5.299068	6.655623	6.665058	15.683780	15.624520
381	-5.078884	-5.298490	6.640145	6.664993	15.565723	15.624366
382	-5.355332	-5.298638	6.627523	6.664895	15.475263	15.623976
383	-5.430911	-5.298984	6.611051	6.664754	15.419562	15.623442
384	-5.400797	-5.299249	6.604578	6.664597	15.338273	15.622699
385	-5.401408	-5.299514	6.591190	6.664407	15.377431	15.622062
386	-5.204007	-5.299267	6.625461	6.664306	15.507154	15.621765
387	-5.244283	-5.299125	6.622138	6.664197	15.557912	15.621600
388	-5.495798	-5.299632	6.607237	6.664050	15.454361	15.621169
389	-5.304033	-5.299643	6.588388	6.663856	15.422005	15.620657
390	-5.241052	-5.299493	6.602442	6.663698	15.482346	15.620302
391	-5.140655	-5.299086	6.618309	6.663582	15.530457	15.620072
392	-5.069777	-5.298502	6.668110	6.663594	15.647885	15.620143
393	-5.172366	-5.298181	6.679220	6.663633	15.680450	15.620297
394	-5.385264	-5.298402	6.649584	6.663598	15.635397	15.620335
395	-5.533397	-5.298997	6.622509	6.663494	15.625960	15.620349
396	-5.426335	-5.299318	6.637662	6.663428	15.663461	15.620458
397	-5.443393	-5.299681	6.614223	6.663304	15.613653	15.620441
398	-5.336634	-5.299774	6.619995	6.663196	15.633803	15.620474
399	-5.231158	-5.299602	6.615536	6.663076	15.608052	15.620443
400	-5.273542	-5.299537	6.597269	6.662912	15.619484	15.620441
401	-5.345623	-5.299652	6.615639	6.662794	15.686327	15.620605
402	-5.251782	-5.299533	6.612562	6.662669	15.700484	15.620804
403	-5.092179	-5.299018	6.596705	6.662505	15.722093	15.621055
404	-5.072702	-5.298458	6.568855	6.662273	15.649976	15.621127
405	-5.081455	-5.297922	6.566196	6.662036	15.638198	15.621169
406	-5.171027	-5.297609	6.575746	6.661824	15.628965	15.621188
407	-5.122940	-5.297180	6.584302	6.661633	15.587556	15.621106
408	-5.054668	-5.296586	6.574649	6.661420	15.543592	15.620916
409	-5.090159	-5.296081	6.583572	6.661230	15.554396	15.620753
410	-5.237571	-5.295939	6.591364	6.661059	15.585937	15.620668
411	-5.375234	-5.296131	6.597408	6.660904	15.476967	15.620318
412	-5.239924	-5.295995	6.612122	6.660786	15.447094	15.619898
413	-5.216203	-5.295802	6.607355	6.660656	15.382115	15.619322
414	-5.419948	-5.296102	6.593320	6.660494	15.370645	15.618721
415	-5.211574	-5.295898	6.622531	6.660402	15.529398	15.618506
416	-5.274073	-5.295846	6.596239	6.660248	15.476584	15.618165
417	-5.207966	-5.295635	6.598175	6.660099	15.432137	15.617719
418	-5.416706	-5.295924	6.592471	6.659937	15.337899	15.617050
419	-5.821262	-5.297178	6.554305	6.659685	15.167704	15.615977
420	-5.536759	-5.297749	6.517151	6.659346	15.139772	15.614843
421	-5.553213	-5.298355	6.527885	6.659034	15.188861	15.613831
422	-5.439361	-5.298690	6.535816	6.658742	15.160736	15.612758
423	-5.422951	-5.298983	6.541989	6.658466	15.227488	15.611847
424	-5.384193	-5.299184	6.535157	6.658175	15.216732	15.610915
425	-5.728681	-5.300195	6.510711	6.657828	15.113093	15.609744
426	-5.777618	-5.301316	6.517044	6.657497	15.067576	15.608471
427	-5.933898	-5.302797	6.511391	6.657155	15.061265	15.607190
428	-5.631697	-5.303566	6.505553	6.656801	15.065545	15.605924
429	-5.387956	-5.303762	6.532430	6.656511	15.190896	15.604957
430	-5.351341	-5.303873	6.534309	6.656227	15.183094	15.603976
431	-5.321947	-5.303915	6.539071	6.655955	15.193817	15.603024
432	-5.283562	-5.303868	6.556920	6.655726	15.286581	15.602291
433	-5.202444	-5.303633	6.561535	6.655508	15.352376	15.601714
434	-5.175405	-5.303338	6.564879	6.655300	15.372780	15.601187
435	-5.482076	-5.303749	6.550737	6.655059	15.335061	15.600575
436	-5.382789	-5.303930	6.560263	6.654842	15.323891	15.599940
437	-5.290804	-5.303900	6.566496	6.654640	15.337036	15.599339
438	-5.381358	-5.304077	6.582149	6.654474	15.355699	15.598782
439	-5.438108	-5.304382	6.605733	6.654363	15.416718	15.598368
440	-5.396720	-5.304592	6.601673	6.654243	15.411888	15.597944
441	-5.398447	-5.304805	6.643729	6.654219	15.555679	15.597848
442	-5.371500	-5.304956	6.634524	6.654175	15.594786	15.597841
443	-5.338166	-5.305031	6.607950	6.654071	15.548163	15.597729
444	-5.408696	-5.305264	6.603363	6.653956	15.525193	15.597566
445	-5.330858	-5.305322	6.634049	6.653912	15.550819	15.597461
446	-5.221260	-5.305133	6.640501	6.653882	15.600400	15.597467
447	-5.204641	-5.304909	6.654652	6.653883	15.635204	15.597552
448	-5.231058	-5.304744	6.698397	6.653983	15.741038	15.597872
449	-5.036432	-5.304146	6.713041	6.654114	15.870254	15.598479
450	-4.986693	-5.303441	6.704606	6.654226	15.892228	15.599131
451	-4.924256	-5.302600	6.682612	6.654289	15.859047	15.599708
452	-5.018696	-5.301972	6.664109	6.654311	15.759553	15.600061
453	-5.210490	-5.301770	6.645468	6.654292	15.767476	15.600431
454	-5.105774	-5.301338	6.665971	6.654317	15.851723	15.600984
455	-4.980543	-5.300633	6.665902	6.654343	15.898234	15.601638
456	-5.183223	-5.300376	6.634940	6.654300	15.815199	15.602106
457	-5.062504	-5.299855	6.621686	6.654229	15.805277	15.602551
458	-5.038833	-5.299285	6.619678	6.654153	15.849821	15.603090
459	-5.191115	-5.299050	6.595266	6.654025	15.822104	15.603568
460	-5.309636	-5.299073	6.587594	6.653881	15.868879	15.604144
461	-5.301027	-5.299077	6.559079	6.653675	15.875019	15.604732
462	-5.179603	-5.298818	6.564587	6.653482	15.926644	15.605429
463	-5.286597	-5.298792	6.584538	6.653333	15.953683	15.606181
464	-5.159875	-5.298492	6.606968	6.653233	15.950058	15.606922
465	-5.292595	-5.298480	6.606950	6.653134	15.880930	15.607511
466	-5.480857	-5.298871	6.593618	6.653006	15.862599	15.608059
467	-5.397392	-5.299082	6.616613	6.652928	15.898860	15.608681
468	-5.589422	-5.299702	6.630534	6.652880	15.912550	15.609331
469	-5.536591	-5.300208	6.593825	6.652754	15.809805	15.609758
470	-5.488092	-5.300607	6.566394	6.652571	15.733295	15.610021
471	-5.257811	-5.300516	6.569563	6.652394	15.720950	15.610256
472	-5.042296	-5.299969	6.563768	6.652207	15.716010	15.610481
473	-5.121372	-5.299592	6.580960	6.652056	15.743898	15.610763
474	-5.182145	-5.299344	6.588617	6.651922	15.710772	15.610974
475	-5.160010	-5.299051	6.572174	6.651754	15.681757	15.611123
476	-5.244710	-5.298936	6.532413	6.651504	15.642749	15.611189
477	-5.232824	-5.298798	6.552749	6.651297	15.750825	15.611482
478	-5.203568	-5.298599	6.555949	6.651097	15.761450	15.611796
479	-5.194910	-5.298382	6.561379	6.650910	15.817527	15.612225
480	-5.101180	-5.297971	6.586640	6.650776	15.900249	15.612825
481	-5.256940	-5.297886	6.585143	6.650639	15.914413	15.613452
482	-5.358978	-5.298013	6.574371	6.650481	15.952934	15.614156
483	-5.522419	-5.298477	6.555274	6.650284	15.914978	15.614779
484	-5.366637	-5.298618	6.533326	6.650042	15.808609	15.615180
485	-5.232847	-5.298483	6.537686	6.649811	15.788343	15.615537
486	-5.290269	-5.298466	6.536537	6.649578	15.802126	15.615921
487	-5.212599	-5.298289	6.554384	6.649382	15.812153	15.616324
488	-5.427439	-5.298554	6.541700	6.649162	15.685331	15.616465
489	-5.768243	-5.299515	6.528993	6.648916	15.563641	15.616357
490	-5.617411	-5.300163	6.537844	6.648689	15.555623	15.616233
491	-5.544785	-5.300662	6.549471	6.648487	15.528569	15.616054
492	-5.621515	-5.301314	6.570446	6.648328	15.555842	15.615932
493	-5.470009	-5.301656	6.566488	6.648162	15.548737	15.615796
494	-5.608915	-5.302278	6.542609	6.647949	15.543665	15.615650
495	-5.627125	-5.302934	6.548500	6.647748	15.589437	15.615597
496	-5.571968	-5.303477	6.543299	6.647537	15.541960	15.615448
497	-5.641272	-5.304156	6.506823	6.647254	15.498163	15.615212
498	-5.497846	-5.304545	6.508797	6.646976	15.522579	15.615026
499	-5.451445	-5.304840	6.502658	6.646687	15.539098	15.614874
500	-5.640069	-5.305510	6.492328	6.646378	15.521259	15.614687
