1	-5.108062	-5.108062
2	-5.130853	-5.119458
3	-5.265571	-5.168162
4	-5.345419	-5.212476
5	-5.343477	-5.238677
6	-5.286241	-5.246604
7	-5.351566	-5.261599
8	-5.255614	-5.260850
9	-5.296430	-5.264804
10	-5.260050	-5.264328
11	-5.178614	-5.256536
12	-5.184416	-5.250526
13	-5.239373	-5.249668
14	-5.254566	-5.250018
15	-5.178022	-5.245218
16	-5.291839	-5.248132
17	-5.408469	-5.257564
18	-5.273556	-5.258452
19	-5.241461	-5.257558
20	-5.283605	-5.258860
21	-5.256007	-5.258724
22	-5.165401	-5.254482
23	-5.083262	-5.247038
24	-5.112086	-5.241415
25	-5.262918	-5.242275
26	-5.072081	-5.235729
27	-5.027522	-5.228018
28	-5.148317	-5.225171
29	-5.154270	-5.222727
30	-5.141855	-5.220031
31	-5.237196	-5.220585
32	-5.187962	-5.219565
33	-5.146166	-5.217341
34	-5.198518	-5.216787
35	-5.183936	-5.215849
36	-5.291055	-5.217938
37	-5.124036	-5.215400
38	-4.986515	-5.209377
39	-5.250309	-5.210426
40	-5.051560	-5.206454
41	-5.106229	-5.204010
42	-5.177900	-5.203388
43	-5.082844	-5.200585
44	-5.152182	-5.199485
45	-5.029644	-5.195711
46	-5.156403	-5.194856
47	-5.040636	-5.191575
48	-5.155195	-5.190817
49	-5.274474	-5.192524
50	-5.260964	-5.193893
51	-5.122784	-5.192499
52	-5.112032	-5.190951
53	-5.151803	-5.190213
54	-5.083139	-5.188230
55	-5.005368	-5.184905
56	-4.984804	-5.181332
57	-5.096088	-5.179836
58	-4.992416	-5.176605
59	-5.041456	-5.174314
60	-5.015226	-5.171663
61	-5.061040	-5.169849
62	-5.008720	-5.167250
63	-5.080876	-5.165879
64	-5.166045	-5.165882
65	-5.087929	-5.164683
66	-5.136891	-5.164262
67	-5.092186	-5.163186
68	-5.001585	-5.160809
69	-4.935921	-5.157550
70	-5.111311	-5.156890
71	-5.055975	-5.155468
72	-5.030788	-5.153737
73	-5.165459	-5.153897
74	-5.209537	-5.154649
75	-5.205173	-5.155323
76	-5.395239	-5.158479
77	-5.625546	-5.164545
78	-5.488287	-5.168696
79	-5.368336	-5.171223
80	-5.125987	-5.170657
81	-5.157691	-5.170497
82	-5.262294	-5.171617
83	-5.337867	-5.173620
84	-5.186454	-5.173773
85	-5.396289	-5.176390
86	-5.277569	-5.177567
87	-5.249658	-5.178396
88	-5.123117	-5.177767
89	-5.201491	-5.178034
90	-5.280416	-5.179172
91	-5.110808	-5.178420
92	-5.146593	-5.178074
93	-4.886334	-5.174937
94	-5.022605	-5.173317
95	-5.078640	-5.172320
96	-5.053307	-5.171080
97	-5.133091	-5.170689
98	-5.167489	-5.170656
99	-5.200061	-5.170953
100	-5.150691	-5.170751
101	-5.051744	-5.169572
102	-5.025164	-5.168157
103	-5.099724	-5.167492
104	-5.098097	-5.166825
105	-4.973729	-5.164986
106	-5.137857	-5.164730
107	-5.064867	-5.163797
108	-5.076533	-5.162989
109	-5.090951	-5.162328
110	-5.027661	-5.161103
111	-4.941310	-5.159123
112	-5.065704	-5.158289
113	-5.062544	-5.157442
114	-4.943697	-5.155567
115	-5.038215	-5.154547
116	-4.994171	-5.153164
117	-5.012770	-5.151964
118	-4.940538	-5.150172
119	-5.231391	-5.150855
120	-5.325011	-5.152306
121	-5.154676	-5.152326
122	-5.074415	-5.151687
123	-5.055848	-5.150908
124	-4.989957	-5.149610
125	-5.160856	-5.149700
126	-5.149233	-5.149696
127	-5.139759	-5.149618
128	-4.966186	-5.148185
129	-5.092758	-5.147755
130	-5.088582	-5.147300
131	-5.058094	-5.146619
132	-5.000065	-5.145509
133	-5.062148	-5.144882
134	-4.923293	-5.143228
135	-5.060461	-5.142615
136	-5.058821	-5.141999
137	-5.100966	-5.141700
138	-5.129205	-5.141609
139	-5.223900	-5.142201
140	-5.158198	-5.142315
141	-5.247133	-5.143059
142	-5.285328	-5.144061
143	-5.345920	-5.145472
144	-5.377260	-5.147082
145	-5.305171	-5.148172
146	-5.291899	-5.149157
147	-5.307750	-5.150235
148	-5.212792	-5.150658
149	-5.373974	-5.152157
150	-5.322597	-5.153293
151	-5.273126	-5.154087
152	-5.302762	-5.155065
153	-5.221872	-5.155502
154	-5.193586	-5.155749
155	-5.230206	-5.156229
156	-5.232669	-5.156719
157	-5.309353	-5.157691
158	-5.379142	-5.159093
159	-5.197191	-5.159333
160	-5.153891	-5.159299
161	-5.178672	-5.159419
162	-5.093258	-5.159011
163	-4.896375	-5.157399
164	-4.960532	-5.156199
165	-5.023056	-5.155392
166	-5.056166	-5.154794
167	-5.029272	-5.154043
168	-5.056323	-5.153461
169	-5.240907	-5.153978
170	-5.510750	-5.156077
171	-5.468775	-5.157906
172	-5.518543	-5.160002
173	-5.279275	-5.160692
174	-5.093004	-5.160303
175	-5.060259	-5.159731
176	-5.069268	-5.159217
177	-5.055183	-5.158629
178	-5.237739	-5.159074
179	-5.311275	-5.159924
180	-5.225008	-5.160286
181	-5.052705	-5.159691
182	-5.093047	-5.159325
183	-5.240893	-5.159771
184	-5.150621	-5.159721
185	-5.232695	-5.160116
186	-5.416889	-5.161496
187	-5.445682	-5.163016
188	-5.433132	-5.164453
189	-5.396130	-5.165678
190	-5.445796	-5.167153
191	-5.469625	-5.168736
192	-5.512553	-5.170527
193	-5.507499	-5.172273
194	-5.452497	-5.173717
195	-5.586239	-5.175833
196	-5.817206	-5.179105
197	-5.762596	-5.182067
198	-5.676358	-5.184564
199	-5.611639	-5.186710
200	-5.606012	-5.188806
201	-5.523183	-5.190470
202	-5.342766	-5.191224
203	-5.377787	-5.192143
204	-5.389118	-5.193108
205	-5.376333	-5.194002
206	-5.261316	-5.194329
207	-5.398332	-5.195314
208	-5.422709	-5.196408
209	-5.560985	-5.198152
210	-5.518033	-5.199675
211	-5.466932	-5.200942
212	-5.398352	-5.201873
213	-5.253838	-5.202117
214	-5.203747	-5.202125
215	-5.140625	-5.201839
216	-5.079699	-5.201273
217	-5.106611	-5.200837
218	-5.119710	-5.200465
219	-5.157402	-5.200268
220	-5.106613	-5.199842
221	-5.217396	-5.199922
222	-5.399048	-5.200819
223	-5.567919	-5.202465
224	-5.478399	-5.203697
225	-5.357263	-5.204379
226	-5.351921	-5.205032
227	-5.251797	-5.205238
228	-5.326436	-5.205770
229	-5.307472	-5.206214
230	-5.387283	-5.207001
231	-5.357659	-5.207653
232	-5.431255	-5.208617
233	-5.386607	-5.209381
234	-5.333622	-5.209912
235	-5.276189	-5.210194
236	-5.215758	-5.210218
237	-5.331063	-5.210727
238	-5.208270	-5.210717
239	-5.201308	-5.210678
240	-5.171904	-5.210516
241	-5.250258	-5.210681
242	-5.250994	-5.210848
243	-5.172268	-5.210689
244	-5.175848	-5.210546
245	-5.076641	-5.210000
246	-5.020230	-5.209228
247	-4.972821	-5.208271
248	-5.051161	-5.207638
249	-4.981485	-5.206729
250	-5.104823	-5.206322
251	-5.163875	-5.206153
252	-5.097399	-5.205721
253	-5.187698	-5.205650
254	-5.125930	-5.205336
255	-5.101848	-5.204930
256	-5.251920	-5.205114
257	-5.240750	-5.205252
258	-5.111721	-5.204890
259	-4.968584	-5.203977
260	-5.102912	-5.203589
261	-5.107969	-5.203222
262	-5.221453	-5.203292
263	-4.984645	-5.202461
264	-5.040497	-5.201847
265	-5.203044	-5.201852
266	-5.214822	-5.201900
267	-5.173991	-5.201796
268	-5.188785	-5.201747
269	-5.252391	-5.201936
270	-5.191484	-5.201897
271	-5.115397	-5.201578
272	-5.117585	-5.201269
273	-5.076046	-5.200810
274	-5.188996	-5.200767
275	-5.134523	-5.200526
276	-5.314836	-5.200940
277	-5.276887	-5.201214
278	-5.100984	-5.200854
279	-5.143181	-5.200647
280	-5.130269	-5.200396
281	-5.084300	-5.199983
282	-5.164285	-5.199856
283	-5.246717	-5.200022
284	-5.337266	-5.200505
285	-5.328352	-5.200954
286	-5.394256	-5.201629
287	-5.394541	-5.202302
288	-5.548567	-5.203504
289	-5.284506	-5.203784
290	-5.208650	-5.203801
291	-5.212112	-5.203830
292	-5.175035	-5.203731
293	-5.193072	-5.203695
294	-5.223725	-5.203763
295	-5.525220	-5.204852
296	-5.893633	-5.207179
297	-5.620847	-5.208572
298	-5.449631	-5.209381
299	-5.554007	-5.210534
300	-5.621781	-5.211904
301	-5.574727	-5.213110
302	-5.541872	-5.214198
303	-5.500964	-5.215145
304	-5.585905	-5.216365
305	-5.647668	-5.217779
306	-5.456819	-5.218560
307	-5.321699	-5.218896
308	-5.373120	-5.219396
309	-5.319900	-5.219722
310	-5.285877	-5.219935
311	-5.411991	-5.220553
312	-5.276146	-5.220731
313	-5.200259	-5.220665
314	-5.260604	-5.220793
315	-5.314491	-5.221090
316	-5.341486	-5.221471
317	-5.450195	-5.222193
318	-5.548766	-5.223220
319	-5.423164	-5.223846
320	-5.562882	-5.224906
321	-5.414865	-5.225498
322	-5.292096	-5.225704
323	-5.236332	-5.225737
324	-5.417945	-5.226331
325	-5.544353	-5.227309
326	-5.443411	-5.227972
327	-5.463557	-5.228692
328	-5.473980	-5.229440
329	-5.387547	-5.229921
330	-5.422922	-5.230506
331	-5.313263	-5.230756
332	-5.426336	-5.231345
333	-5.376968	-5.231782
334	-5.241607	-5.231812
335	-5.102974	-5.231427
336	-5.010797	-5.230770
337	-4.946383	-5.229926
338	-5.037822	-5.229358
339	-5.270157	-5.229478
340	-5.295800	-5.229674
341	-5.442211	-5.230297
342	-5.413296	-5.230832
343	-5.463289	-5.231510
344	-5.294841	-5.231694
345	-5.252942	-5.231755
346	-5.192493	-5.231642
347	-5.344084	-5.231966
348	-5.065908	-5.231489
349	-5.010080	-5.230854
350	-5.199756	-5.230765
351	-5.213971	-5.230718
352	-5.134111	-5.230443
353	-5.161403	-5.230248
354	-5.125267	-5.229951
355	-5.011749	-5.229336
356	-5.008960	-5.228717
357	-5.064349	-5.228257
358	-5.058031	-5.227781
359	-5.146011	-5.227554
360	-5.321403	-5.227814
361	-5.074606	-5.227390
362	-5.040327	-5.226873
363	-4.957532	-5.226131
364	-4.984247	-5.225467
365	-5.045322	-5.224973
366	-4.991416	-5.224335
367	-5.033755	-5.223816
368	-5.074165	-5.223409
369	-5.106992	-5.223094
370	-5.099620	-5.222760
371	-5.148482	-5.222560
372	-5.214539	-5.222538
373	-5.327148	-5.222819
374	-5.213786	-5.222794
375	-5.076653	-5.222405
376	-5.158837	-5.222236
377	-5.125414	-5.221979
378	-5.212327	-5.221953
379	-5.408877	-5.222446
380	-5.125285	-5.222191
381	-5.228248	-5.222207
382	-5.234963	-5.222240
383	-5.227307	-5.222253
384	-5.067912	-5.221851
385	-4.916278	-5.221058
386	-4.904351	-5.220237
387	-5.078270	-5.219870
388	-5.217365	-5.219864
389	-5.303508	-5.220079
390	-5.239909	-5.220130
391	-5.159971	-5.219976
392	-5.176719	-5.219866
393	-5.133018	-5.219645
394	-5.089013	-5.219313
395	-5.004363	-5.218769
396	-4.984373	-5.218177
397	-4.996395	-5.217618
398	-5.077532	-5.217266
399	-5.118861	-5.217020
400	-5.116716	-5.216769
401	-5.041553	-5.216332
402	-5.004479	-5.215805
403	-5.087578	-5.215487
404	-5.133538	-5.215284
405	-5.139563	-5.215097
406	-5.054705	-5.214702
407	-5.164584	-5.214579
408	-5.120981	-5.214349
409	-5.060939	-5.213974
410	-5.147551	-5.213812
411	-5.186561	-5.213746
412	-5.040816	-5.213326
413	-4.967675	-5.212731
414	-5.163323	-5.212612
415	-5.245448	-5.212691
416	-5.189999	-5.212637
417	-5.132249	-5.212444
418	-5.088611	-5.212148
419	-5.153198	-5.212007
420	-5.080714	-5.211694
421	-5.210360	-5.211691
422	-5.297395	-5.211894
423	-5.437874	-5.212428
424	-5.660120	-5.213484
425	-5.423261	-5.213978
426	-5.344010	-5.214283
427	-5.351947	-5.214606
428	-5.261291	-5.214715
429	-5.307525	-5.214931
430	-5.342155	-5.215227
431	-5.371022	-5.215588
432	-5.450650	-5.216132
433	-5.415235	-5.216592
434	-5.441287	-5.217110
435	-5.278042	-5.217250
436	-5.343609	-5.217540
437	-5.322710	-5.217781
438	-5.153312	-5.217633
439	-5.234425	-5.217672
440	-5.300531	-5.217860
441	-5.305141	-5.218058
442	-5.164922	-5.217938
443	-5.203183	-5.217904
444	-5.197618	-5.217859
445	-5.072918	-5.217533
446	-5.019166	-5.217088
447	-5.017393	-5.216641
448	-5.009427	-5.216179
449	-4.994216	-5.215685
450	-4.972814	-5.215145
451	-4.899188	-5.214444
452	-5.015255	-5.214004
453	-5.030075	-5.213598
454	-4.966164	-5.213053
455	-4.970554	-5.212520
456	-5.196780	-5.212485
457	-5.278216	-5.212629
458	-5.274578	-5.212764
459	-5.236527	-5.212816
460	-5.231257	-5.212856
461	-5.275054	-5.212991
462	-5.363583	-5.213317
463	-5.349217	-5.213610
464	-5.457746	-5.214137
465	-5.479443	-5.214707
466	-5.419379	-5.215146
467	-5.447754	-5.215644
468	-5.418627	-5.216078
469	-5.307620	-5.216273
470	-5.294591	-5.216440
471	-5.317437	-5.216654
472	-5.223990	-5.216670
473	-5.416026	-5.217091
474	-5.380974	-5.217437
475	-5.261318	-5.217530
476	-5.160078	-5.217409
477	-5.055292	-5.217069
478	-5.063612	-5.216748
479	-5.136540	-5.216580
480	-5.140929	-5.216423
481	-5.132700	-5.216249
482	-5.081087	-5.215968
483	-5.178575	-5.215891
484	-5.328953	-5.216125
485	-5.327930	-5.216355
486	-5.414577	-5.216763
487	-5.447119	-5.217236
488	-5.396083	-5.217602
489	-5.308529	-5.217788
490	-5.228276	-5.217810
491	-5.242446	-5.217860
492	-5.185064	-5.217793
493	-5.088420	-5.217531
494	-5.119288	-5.217332
495	-5.185776	-5.217268
496	-5.164216	-5.217161
497	-5.187362	-5.217101
498	-5.340593	-5.217349
499	-5.454735	-5.217825
500	-5.445601	-5.218281
501	-5.199658	-5.218243
502	-5.239251	-5.218285
503	-5.492902	-5.218831
504	-5.492570	-5.219374
505	-5.497549	-5.219925
506	-5.608117	-5.220692
507	-5.749485	-5.221735
508	-5.478538	-5.222241
509	-5.684145	-5.223148
510	-5.822673	-5.224324
511	-5.882729	-5.225612
512	-5.644232	-5.226430
513	-5.682044	-5.227318
514	-5.544119	-5.227934
515	-5.599754	-5.228656
516	-5.525118	-5.229231
517	-5.553501	-5.229858
518	-5.487902	-5.230356
519	-5.387220	-5.230659
520	-5.330094	-5.230850
521	-5.440107	-5.231251
522	-5.487529	-5.231742
523	-5.456420	-5.232172
524	-5.423211	-5.232537
525	-5.242042	-5.232555
526	-5.071024	-5.232248
527	-5.151574	-5.232095
528	-5.130084	-5.231901
529	-5.237508	-5.231912
530	-5.183525	-5.231821
531	-5.209297	-5.231778
532	-5.131866	-5.231590
533	-5.286160	-5.231693
534	-5.272306	-5.231769
535	-5.183843	-5.231679
536	-5.071160	-5.231380
537	-5.084514	-5.231106
538	-5.173220	-5.230999
539	-5.129551	-5.230810
540	-5.072162	-5.230517
541	-5.170332	-5.230405
542	-5.159118	-5.230274
543	-5.275030	-5.230356
544	-5.220414	-5.230338
545	-5.255651	-5.230385
546	-5.386707	-5.230671
547	-5.431973	-5.231039
548	-5.584608	-5.231684
549	-5.358471	-5.231915
550	-5.101001	-5.231677
551	-5.099237	-5.231437
552	-5.046274	-5.231101
553	-4.948799	-5.230591
554	-4.944299	-5.230074
555	-4.981220	-5.229626
556	-5.035305	-5.229276
557	-5.060816	-5.228974
558	-5.178551	-5.228883
559	-5.141601	-5.228727
560	-5.254293	-5.228773
561	-5.084489	-5.228516
562	-5.039205	-5.228179
563	-5.144811	-5.228031
564	-5.190820	-5.227965
565	-5.162089	-5.227848
566	-5.150325	-5.227711
567	-5.200438	-5.227663
568	-5.412795	-5.227989
569	-5.552736	-5.228560
570	-5.447807	-5.228944
571	-5.500695	-5.229420
572	-5.753112	-5.230336
573	-5.415559	-5.230659
574	-5.192819	-5.230593
575	-5.300455	-5.230715
576	-5.322488	-5.230874
577	-5.296153	-5.230987
578	-5.349408	-5.231192
579	-5.435143	-5.231544
580	-5.621849	-5.232217
581	-5.565766	-5.232791
582	-5.384470	-5.233052
583	-5.287498	-5.233145
584	-5.450519	-5.233517
585	-5.423890	-5.233843
586	-5.333439	-5.234013
587	-5.335383	-5.234185
588	-5.350888	-5.234384
589	-5.374478	-5.234622
590	-5.362484	-5.234839
591	-5.277177	-5.234910
592	-5.238870	-5.234917
593	-5.193954	-5.234848
594	-5.192846	-5.234777
595	-5.311774	-5.234906
596	-5.258659	-5.234946
597	-5.082182	-5.234690
598	-5.061898	-5.234401
599	-4.997555	-5.234006
600	-5.042639	-5.233687
601	-5.137647	-5.233527
602	-5.147659	-5.233385
603	-5.115471	-5.233189
604	-5.003191	-5.232808
605	-4.951336	-5.232343
606	-5.033270	-5.232015
607	-5.066475	-5.231742
608	-5.201503	-5.231692
609	-5.235576	-5.231699
610	-5.175670	-5.231607
611	-5.086965	-5.231370
612	-5.184139	-5.231293
613	-5.186176	-5.231219
614	-5.183759	-5.231142
615	-5.217721	-5.231120
616	-5.281023	-5.231201
617	-5.303784	-5.231319
618	-5.278564	-5.231395
619	-5.131793	-5.231234
620	-5.146267	-5.231097
621	-5.068351	-5.230835
622	-4.964016	-5.230406
623	-5.099773	-5.230196
624	-5.122681	-5.230024
625	-5.021906	-5.229691
626	-5.009620	-5.229340
627	-4.940114	-5.228878
628	-4.957276	-5.228446
629	-5.064687	-5.228186
630	-5.019969	-5.227855
631	-5.048181	-5.227570
632	-5.044842	-5.227281
633	-5.229254	-5.227284
634	-5.236269	-5.227298
635	-5.305098	-5.227421
636	-5.311331	-5.227553
637	-5.269304	-5.227618
638	-5.252805	-5.227658
639	-5.151916	-5.227539
640	-5.053696	-5.227268
641	-4.973806	-5.226872
642	-4.937484	-5.226422
643	-5.085731	-5.226203
644	-5.116758	-5.226033
645	-5.019276	-5.225712
646	-4.956907	-5.225296
647	-5.047993	-5.225022
648	-5.028045	-5.224718
649	-5.095838	-5.224520
650	-5.158060	-5.224417
651	-4.981996	-5.224045
652	-4.866479	-5.223497
653	-4.907705	-5.223013
654	-5.120978	-5.222857
655	-5.060498	-5.222609
656	-4.944565	-5.222185
657	-5.016440	-5.221872
658	-5.084461	-5.221663
659	-5.131077	-5.221526
660	-5.092588	-5.221330
661	-5.090222	-5.221132
662	-5.120813	-5.220980
663	-5.043881	-5.220713
664	-5.115406	-5.220555
665	-5.257392	-5.220610
666	-5.342184	-5.220793
667	-5.395607	-5.221055
668	-5.469619	-5.221427
669	-5.273501	-5.221505
670	-5.134997	-5.221376
671	-5.323797	-5.221528
672	-5.272001	-5.221603
673	-5.307325	-5.221731
674	-5.299916	-5.221847
675	-5.168568	-5.221768
676	-5.218701	-5.221763
677	-5.286227	-5.221858
678	-5.225559	-5.221864
679	-5.123995	-5.221720
680	-5.070636	-5.221498
681	-4.960319	-5.221114
682	-4.925690	-5.220681
683	-4.891107	-5.220198
684	-4.920867	-5.219761
685	-5.027107	-5.219480
686	-5.257431	-5.219535
687	-5.346875	-5.219720
688	-5.332753	-5.219885
689	-5.281354	-5.219974
690	-5.256028	-5.220026
691	-5.224618	-5.220033
692	-5.222204	-5.220036
693	-5.129422	-5.219905
694	-5.153896	-5.219810
695	-5.273853	-5.219888
696	-5.260600	-5.219946
697	-5.251843	-5.219992
698	-5.251171	-5.220037
699	-5.227719	-5.220048
700	-5.353598	-5.220238
701	-5.514478	-5.220658
702	-5.387727	-5.220896
703	-5.209518	-5.220880
704	-5.394751	-5.221127
705	-5.279495	-5.221210
706	-5.123809	-5.221072
707	-5.090783	-5.220887
708	-5.148299	-5.220785
709	-5.455903	-5.221117
710	-5.215576	-5.221109
711	-5.036786	-5.220849
712	-5.132278	-5.220725
713	-5.183895	-5.220673
714	-5.125086	-5.220540
715	-5.277311	-5.220619
716	-5.232443	-5.220635
717	-5.238940	-5.220661
718	-5.262155	-5.220719
719	-5.332815	-5.220875
720	-5.402642	-5.221127
721	-5.374557	-5.221340
722	-5.154267	-5.221247
723	-5.055799	-5.221018
724	-5.129549	-5.220892
725	-5.006543	-5.220596
726	-4.948931	-5.220222
727	-5.064565	-5.220008
728	-5.164947	-5.219932
729	-5.345616	-5.220105
730	-5.207614	-5.220088
731	-5.159087	-5.220004
732	-5.138759	-5.219893
733	-5.162319	-5.219815
734	-5.180393	-5.219761
735	-4.979277	-5.219434
736	-4.963825	-5.219086
737	-5.060239	-5.218871
738	-5.037389	-5.218625
739	-5.288075	-5.218719
740	-5.473364	-5.219063
741	-5.230660	-5.219079
742	-5.143065	-5.218976
743	-5.172708	-5.218914
744	-5.398765	-5.219156
745	-5.322206	-5.219294
746	-5.152883	-5.219205
747	-5.108836	-5.219057
748	-5.194027	-5.219024
749	-5.171626	-5.218961
750	-5.344929	-5.219128
751	-5.355948	-5.219311
752	-5.191536	-5.219274
753	-5.244561	-5.219307
754	-5.244609	-5.219341
755	-5.070163	-5.219143
756	-5.190674	-5.219106
757	-5.183593	-5.219059
758	-5.470387	-5.219390
759	-5.440385	-5.219681
760	-5.288871	-5.219772
761	-5.247363	-5.219809
762	-5.376313	-5.220014
763	-5.366254	-5.220206
764	-5.446893	-5.220502
765	-5.386475	-5.220719
766	-5.481414	-5.221060
767	-5.316482	-5.221184
768	-5.199516	-5.221156
769	-5.293548	-5.221250
770	-5.341624	-5.221406
771	-5.401356	-5.221640
772	-5.294755	-5.221735
773	-5.327497	-5.221871
774	-5.446057	-5.222161
775	-5.471337	-5.222483
776	-5.454309	-5.222781
777	-5.286233	-5.222863
778	-5.181636	-5.222810
779	-5.181669	-5.222757
780	-5.281346	-5.222832
781	-5.176255	-5.222773
782	-5.095887	-5.222610
783	-5.246732	-5.222641
784	-5.323102	-5.222769
785	-5.308848	-5.222879
786	-5.393196	-5.223096
787	-5.427320	-5.223355
788	-5.338832	-5.223502
789	-5.208463	-5.223483
790	-5.298141	-5.223577
791	-5.315354	-5.223693
792	-5.364782	-5.223871
793	-5.134073	-5.223758
794	-5.224651	-5.223759
795	-5.376248	-5.223951
796	-5.136486	-5.223841
797	-4.925579	-5.223467
798	-4.986347	-5.223170
799	-5.039626	-5.222940
800	-5.062290	-5.222739
801	-4.971516	-5.222426
802	-5.087139	-5.222257
803	-5.038038	-5.222027
804	-5.206365	-5.222008
805	-5.452322	-5.222294
806	-5.450732	-5.222578
807	-5.405105	-5.222804
808	-5.409702	-5.223035
809	-5.287067	-5.223114
810	-5.292293	-5.223200
811	-5.371400	-5.223382
812	-5.345942	-5.223533
813	-5.219476	-5.223528
814	-5.218285	-5.223522
815	-5.149036	-5.223430
816	-5.104889	-5.223285
817	-5.011236	-5.223026
818	-5.143369	-5.222928
819	-5.261495	-5.222975
820	-5.272414	-5.223036
821	-5.420538	-5.223276
822	-5.269545	-5.223332
823	-5.430958	-5.223585
824	-5.481633	-5.223898
825	-5.329218	-5.224026
826	-5.314601	-5.224135
827	-5.113865	-5.224002
828	-5.218029	-5.223995
829	-5.140860	-5.223894
830	-5.141873	-5.223796
831	-5.262740	-5.223842
832	-5.081668	-5.223672
833	-5.125925	-5.223554
834	-5.187707	-5.223511
835	-5.240567	-5.223532
836	-5.086863	-5.223368
837	-4.951003	-5.223043
838	-4.950638	-5.222718
839	-5.464274	-5.223006
840	-5.645216	-5.223508
841	-5.448869	-5.223776
842	-5.296401	-5.223862
843	-5.168015	-5.223796
844	-5.145270	-5.223703
845	-4.987220	-5.223423
846	-4.905395	-5.223047
847	-5.022540	-5.222811
848	-4.956760	-5.222497
849	-4.922490	-5.222144
850	-5.072362	-5.221967
851	-5.120990	-5.221849
852	-5.346247	-5.221995
853	-5.395903	-5.222199
854	-5.580832	-5.222619
855	-5.434500	-5.222866
856	-5.472593	-5.223158
857	-5.454523	-5.223428
858	-5.264784	-5.223476
859	-5.229797	-5.223484
860	-5.152113	-5.223401
861	-5.100973	-5.223258
862	-5.143505	-5.223166
863	-5.118916	-5.223045
864	-5.119443	-5.222925
865	-5.112976	-5.222798
866	-4.977629	-5.222515
867	-4.922652	-5.222169
868	-5.005914	-5.221920
869	-4.958541	-5.221617
870	-5.153305	-5.221538
871	-5.019450	-5.221306
872	-5.046853	-5.221106
873	-5.191131	-5.221072
874	-5.211219	-5.221061
875	-5.161538	-5.220993
876	-5.239055	-5.221013
877	-5.140238	-5.220921
878	-5.089715	-5.220772
879	-4.923236	-5.220433
880	-4.897858	-5.220067
881	-5.011234	-5.219830
882	-5.095947	-5.219689
883	-5.093955	-5.219547
884	-5.083817	-5.219393
885	-5.129667	-5.219292
886	-5.128771	-5.219190
887	-5.235833	-5.219208
888	-5.261385	-5.219256
889	-5.189858	-5.219223
890	-5.103831	-5.219093
891	-5.125792	-5.218988
892	-5.023281	-5.218769
893	-5.075795	-5.218609
894	-4.971488	-5.218333
895	-5.024304	-5.218116
896	-5.077633	-5.217959
897	-5.015745	-5.217734
898	-5.042044	-5.217538
899	-5.185171	-5.217502
900	-5.291719	-5.217584
901	-5.194687	-5.217559
902	-5.131959	-5.217464
903	-5.122016	-5.217358
904	-5.345844	-5.217500
905	-5.238628	-5.217524
906	-5.240672	-5.217549
907	-5.289994	-5.217629
908	-5.391605	-5.217821
909	-5.387362	-5.218007
910	-5.468167	-5.218282
911	-5.344240	-5.218421
912	-5.281208	-5.218489
913	-5.293347	-5.218571
914	-5.370459	-5.218738
915	-5.344572	-5.218875
916	-5.391762	-5.219064
917	-5.164288	-5.219004
918	-5.180283	-5.218962
919	-5.264972	-5.219012
920	-5.137113	-5.218923
921	-5.155809	-5.218854
922	-5.137238	-5.218766
923	-5.230344	-5.218778
924	-5.396759	-5.218971
925	-5.376675	-5.219142
926	-5.281322	-5.219209
927	-5.242735	-5.219234
928	-5.258733	-5.219277
929	-5.213964	-5.219271
930	-5.242104	-5.219295
931	-5.445400	-5.219538
932	-5.434388	-5.219769
933	-5.387254	-5.219948
934	-5.479317	-5.220226
935	-5.673510	-5.220711
936	-5.696419	-5.221219
937	-5.401092	-5.221411
938	-5.247068	-5.221438
939	-5.184825	-5.221399
940	-5.069356	-5.221238
941	-5.176380	-5.221190
942	-5.377918	-5.221356
943	-5.415015	-5.221562
944	-5.446952	-5.221801
945	-5.321039	-5.221906
946	-5.458493	-5.222156
947	-5.344458	-5.222285
948	-5.393352	-5.222465
949	-5.463318	-5.222719
950	-5.380068	-5.222885
951	-5.440395	-5.223113
952	-5.426556	-5.223327
953	-5.630392	-5.223754
954	-5.545540	-5.224092
955	-5.349253	-5.224223
956	-5.368963	-5.224374
957	-5.439264	-5.224599
958	-5.464764	-5.224849
959	-5.474823	-5.225110
960	-5.390269	-5.225282
961	-5.374292	-5.225437
962	-5.407205	-5.225626
963	-5.248244	-5.225649
964	-5.210587	-5.225634
965	-5.169681	-5.225576
966	-5.212469	-5.225562
967	-5.136852	-5.225470
968	-5.265925	-5.225512
969	-5.299016	-5.225588
970	-5.088132	-5.225446
971	-5.300110	-5.225523
972	-5.376888	-5.225679
973	-5.432114	-5.225891
974	-5.323874	-5.225992
975	-5.193848	-5.225959
976	-5.366843	-5.226103
977	-5.318592	-5.226198
978	-5.202223	-5.226173
979	-5.198536	-5.226145
980	-5.318892	-5.226240
981	-5.256730	-5.226271
982	-5.175427	-5.226219
983	-5.207581	-5.226200
984	-4.946111	-5.225915
985	-4.932682	-5.225618
986	-5.026484	-5.225416
987	-5.087407	-5.225276
988	-5.276212	-5.225328
989	-5.117955	-5.225219
990	-5.046265	-5.225038
991	-5.035896	-5.224847
992	-5.047574	-5.224669
993	-4.914649	-5.224356
994	-4.994655	-5.224125
995	-5.005676	-5.223906
996	-5.103141	-5.223785
997	-5.007047	-5.223567
998	-5.135027	-5.223478
999	-5.223072	-5.223478
1000	-5.212524	-5.223467
