1	-5.368716	-5.368716	6.488881	6.488881
2	-5.351630	-5.360173	6.505785	6.497333
3	-5.340966	-5.353771	6.493113	6.495926
4	-5.360178	-5.355372	6.517271	6.501263
5	-5.352543	-5.354806	6.492044	6.499419
6	-5.334937	-5.351495	6.530845	6.504657
7	-5.338118	-5.349584	6.509540	6.505354
8	-5.383858	-5.353868	6.523907	6.507673
9	-5.345886	-5.352981	6.496178	6.506396
10	-5.345588	-5.352242	6.518197	6.507576
11	-5.349520	-5.351994	6.495009	6.506434
12	-5.330389	-5.350194	6.497387	6.505680
13	-5.371891	-5.351863	6.515676	6.506449
14	-5.346132	-5.351454	6.500796	6.506045
15	-5.334998	-5.350357	6.522428	6.507137
16	-5.355510	-5.350679	6.508757	6.507238
17	-5.338390	-5.349956	6.500242	6.506827
18	-5.356906	-5.350342	6.523306	6.507742
19	-5.336782	-5.349628	6.542741	6.509584
20	-5.376130	-5.350953	6.479496	6.508080
21	-5.371379	-5.351926	6.509481	6.508147
22	-5.329592	-5.350911	6.501271	6.507834
23	-5.344183	-5.350618	6.483851	6.506791
24	-5.332959	-5.349882	6.494000	6.506258
25	-5.349850	-5.349881	6.518128	6.506733
26	-5.364518	-5.350444	6.507295	6.506755
27	-5.335747	-5.349900	6.515444	6.507077
28	-5.352720	-5.350001	6.534256	6.508047
29	-5.355478	-5.350189	6.491367	6.507472
30	-5.349267	-5.350159	6.502725	6.507314
31	-5.365017	-5.350638	6.503199	6.507181
32	-5.349778	-5.350611	6.514370	6.507406
33	-5.346493	-5.350486	6.514058	6.507607
34	-5.346632	-5.350373	6.499849	6.507379
35	-5.364744	-5.350784	6.525436	6.507895
36	-5.342195	-5.350545	6.488860	6.507366
37	-5.348207	-5.350482	6.513671	6.507537
38	-5.329029	-5.349917	6.529149	6.508105
39	-5.345223	-5.349797	6.519509	6.508398
40	-5.351244	-5.349833	6.509276	6.508420
41	-5.322073	-5.349156	6.501068	6.508241
42	-5.330322	-5.348708	6.518183	6.508477
43	-5.343463	-5.348586	6.515271	6.508635
44	-5.353984	-5.348708	6.506711	6.508592
45	-5.299532	-5.347615	6.500576	6.508413
46	-5.350670	-5.347682	6.521090	6.508689
47	-5.353979	-5.347816	6.499707	6.508498
48	-5.324569	-5.347332	6.515423	6.508642
49	-5.357781	-5.347545	6.494041	6.508344
50	-5.357348	-5.347741	6.486732	6.507912
51	-5.377197	-5.348318	6.529872	6.508343
52	-5.338287	-5.348126	6.483527	6.507865
53	-5.346969	-5.348104	6.529518	6.508274
54	-5.350777	-5.348153	6.502266	6.508163
55	-5.349311	-5.348174	6.519595	6.508370
56	-5.328385	-5.347821	6.524259	6.508654
57	-5.367258	-5.348162	6.532362	6.509070
58	-5.323711	-5.347740	6.535517	6.509526
59	-5.360097	-5.347950	6.465977	6.508788
60	-5.344728	-5.347896	6.522963	6.509024
61	-5.352467	-5.347971	6.500282	6.508881
62	-5.350020	-5.348004	6.523374	6.509115
63	-5.330112	-5.347720	6.522398	6.509326
64	-5.341381	-5.347621	6.470000	6.508711
65	-5.338371	-5.347479	6.499057	6.508563
66	-5.356500	-5.347615	6.535781	6.508975
67	-5.349721	-5.347647	6.529809	6.509286
68	-5.338130	-5.347507	6.521344	6.509463
69	-5.345976	-5.347485	6.538319	6.509881
70	-5.337241	-5.347338	6.495100	6.509670
71	-5.366566	-5.347609	6.532230	6.509988
72	-5.369525	-5.347914	6.476286	6.509520
73	-5.348721	-5.347925	6.505310	6.509462
74	-5.347857	-5.347924	6.509182	6.509458
75	-5.361296	-5.348102	6.497272	6.509296
76	-5.322693	-5.347768	6.534353	6.509626
77	-5.369762	-5.348053	6.503465	6.509546
78	-5.332565	-5.347855	6.489279	6.509286
79	-5.357882	-5.347982	6.512334	6.509324
80	-5.373580	-5.348302	6.508823	6.509318
81	-5.363050	-5.348484	6.508684	6.509310
82	-5.323638	-5.348181	6.499250	6.509188
83	-5.352473	-5.348232	6.517926	6.509293
84	-5.354921	-5.348312	6.524629	6.509475
85	-5.355129	-5.348392	6.529007	6.509705
86	-5.347986	-5.348388	6.471815	6.509265
87	-5.335487	-5.348239	6.532445	6.509531
88	-5.343322	-5.348183	6.478492	6.509178
89	-5.366773	-5.348392	6.487013	6.508929
90	-5.346129	-5.348367	6.507251	6.508911
91	-5.381204	-5.348728	6.508438	6.508905
92	-5.359221	-5.348842	6.514713	6.508969
93	-5.339560	-5.348742	6.527965	6.509173
94	-5.327532	-5.348517	6.510907	6.509191
95	-5.337725	-5.348403	6.530023	6.509411
96	-5.325798	-5.348167	6.535914	6.509687
97	-5.363748	-5.348328	6.491860	6.509503
98	-5.358768	-5.348435	6.506308	6.509470
99	-5.341665	-5.348366	6.498108	6.509356
100	-5.352922	-5.348412	6.531406	6.509576
101	-5.345043	-5.348378	6.534655	6.509824
102	-5.345944	-5.348355	6.534150	6.510063
103	-5.379597	-5.348658	6.484903	6.509819
104	-5.344643	-5.348619	6.513525	6.509854
105	-5.357751	-5.348706	6.494582	6.509709
106	-5.335424	-5.348581	6.524772	6.509851
107	-5.336431	-5.348467	6.504795	6.509804
108	-5.332049	-5.348315	6.497696	6.509692
109	-5.381417	-5.348619	6.474192	6.509366
110	-5.368252	-5.348798	6.496660	6.509250
111	-5.364270	-5.348937	6.528452	6.509423
112	-5.378349	-5.349200	6.498292	6.509324
113	-5.340998	-5.349127	6.506182	6.509296
114	-5.369254	-5.349304	6.530683	6.509484
115	-5.349946	-5.349309	6.510922	6.509496
116	-5.358369	-5.349387	6.488335	6.509314
117	-5.382587	-5.349671	6.491064	6.509158
118	-5.360090	-5.349759	6.507267	6.509142
119	-5.365301	-5.349890	6.499286	6.509059
120	-5.353348	-5.349919	6.494621	6.508939
121	-5.314935	-5.349630	6.522694	6.509052
122	-5.360000	-5.349715	6.504122	6.509012
123	-5.399692	-5.350121	6.527781	6.509165
124	-5.339801	-5.350038	6.460831	6.508775
125	-5.329957	-5.349877	6.495993	6.508672
126	-5.345846	-5.349845	6.522176	6.508780
127	-5.336818	-5.349742	6.513008	6.508813
128	-5.360370	-5.349825	6.496784	6.508719
129	-5.339228	-5.349743	6.499275	6.508646
130	-5.341179	-5.349677	6.497187	6.508558
131	-5.333599	-5.349555	6.491837	6.508430
132	-5.359517	-5.349630	6.517822	6.508501
133	-5.362325	-5.349726	6.510617	6.508517
134	-5.376515	-5.349926	6.521552	6.508614
135	-5.335561	-5.349819	6.492540	6.508495
136	-5.344091	-5.349777	6.524629	6.508614
137	-5.352232	-5.349795	6.506749	6.508600
138	-5.353377	-5.349821	6.497230	6.508518
139	-5.333061	-5.349700	6.527408	6.508654
140	-5.361051	-5.349781	6.499266	6.508587
141	-5.377754	-5.349980	6.505315	6.508564
142	-5.329900	-5.349838	6.558851	6.508918
143	-5.335046	-5.349735	6.529705	6.509063
144	-5.337521	-5.349650	6.500203	6.509001
145	-5.335504	-5.349553	6.527066	6.509126
146	-5.319281	-5.349345	6.495514	6.509033
147	-5.315097	-5.349112	6.501563	6.508982
148	-5.363096	-5.349207	6.494608	6.508885
149	-5.367295	-5.349328	6.510001	6.508892
150	-5.318283	-5.349121	6.520339	6.508969
151	-5.352270	-5.349142	6.499885	6.508909
152	-5.371309	-5.349288	6.515522	6.508952
153	-5.377798	-5.349474	6.487138	6.508809
154	-5.362314	-5.349558	6.522842	6.508901
155	-5.354175	-5.349587	6.506429	6.508885
156	-5.372436	-5.349734	6.496887	6.508808
157	-5.362426	-5.349815	6.539136	6.509001
158	-5.329160	-5.349684	6.528781	6.509126
159	-5.337707	-5.349609	6.494475	6.509034
160	-5.354846	-5.349641	6.540342	6.509230
161	-5.343799	-5.349605	6.499901	6.509172
162	-5.368215	-5.349720	6.481746	6.509002
163	-5.355598	-5.349756	6.518108	6.509058
164	-5.348561	-5.349749	6.531577	6.509196
165	-5.342235	-5.349703	6.506017	6.509176
166	-5.382389	-5.349900	6.482030	6.509013
167	-5.348449	-5.349891	6.511147	6.509026
168	-5.355440	-5.349924	6.498272	6.508962
169	-5.335552	-5.349839	6.543850	6.509168
170	-5.321853	-5.349675	6.557042	6.509450
171	-5.372830	-5.349810	6.498510	6.509386
172	-5.316345	-5.349616	6.529972	6.509505
173	-5.342350	-5.349574	6.504071	6.509474
174	-5.344011	-5.349542	6.512123	6.509489
175	-5.330321	-5.349432	6.487237	6.509362
176	-5.348847	-5.349428	6.511817	6.509376
177	-5.341947	-5.349386	6.512247	6.509392
178	-5.364880	-5.349473	6.514556	6.509421
179	-5.336467	-5.349401	6.532027	6.509547
180	-5.339775	-5.349347	6.535291	6.509690
181	-5.315931	-5.349162	6.522184	6.509759
182	-5.340696	-5.349116	6.507713	6.509748
183	-5.388392	-5.349331	6.498923	6.509689
184	-5.347404	-5.349320	6.497904	6.509625
185	-5.387130	-5.349524	6.494128	6.509541
186	-5.376982	-5.349672	6.522895	6.509613
187	-5.348701	-5.349667	6.526791	6.509705
188	-5.337151	-5.349600	6.508208	6.509697
189	-5.354787	-5.349628	6.511415	6.509706
190	-5.341999	-5.349588	6.494271	6.509625
191	-5.317737	-5.349421	6.527095	6.509716
192	-5.345192	-5.349399	6.516694	6.509753
193	-5.342206	-5.349362	6.546002	6.509940
194	-5.387451	-5.349558	6.523327	6.510009
195	-5.318287	-5.349398	6.545241	6.510190
196	-5.353455	-5.349418	6.534683	6.510315
197	-5.398281	-5.349666	6.499839	6.510262
198	-5.355586	-5.349696	6.515177	6.510287
199	-5.327253	-5.349583	6.517354	6.510322
200	-5.318688	-5.349429	6.532677	6.510434
201	-5.340007	-5.349382	6.515805	6.510461
202	-5.355631	-5.349413	6.523289	6.510524
203	-5.350040	-5.349416	6.557028	6.510753
204	-5.327707	-5.349310	6.508651	6.510743
205	-5.317604	-5.349155	6.508391	6.510732
206	-5.392699	-5.349366	6.492905	6.510645
207	-5.353690	-5.349387	6.488956	6.510540
208	-5.337220	-5.349329	6.501065	6.510495
209	-5.386558	-5.349507	6.507726	6.510481
210	-5.334919	-5.349437	6.517026	6.510513
211	-5.317998	-5.349288	6.520422	6.510560
212	-5.343730	-5.349262	6.485448	6.510441
213	-5.355258	-5.349290	6.487122	6.510332
214	-5.363610	-5.349357	6.502573	6.510295
215	-5.344277	-5.349334	6.485592	6.510180
216	-5.356652	-5.349368	6.509979	6.510180
217	-5.334736	-5.349300	6.503140	6.510147
218	-5.331715	-5.349219	6.527549	6.510227
219	-5.333454	-5.349147	6.501141	6.510185
220	-5.353269	-5.349166	6.476869	6.510034
221	-5.359355	-5.349212	6.493476	6.509959
222	-5.332075	-5.349135	6.504795	6.509936
223	-5.355483	-5.349164	6.465950	6.509739
224	-5.334449	-5.349098	6.502200	6.509705
225	-5.321186	-5.348974	6.498300	6.509654
226	-5.368576	-5.349061	6.518289	6.509692
227	-5.353048	-5.349078	6.503267	6.509664
228	-5.347388	-5.349071	6.486689	6.509563
229	-5.361468	-5.349125	6.518185	6.509601
230	-5.347754	-5.349119	6.517100	6.509634
231	-5.326115	-5.349019	6.512266	6.509645
232	-5.351825	-5.349031	6.508867	6.509642
233	-5.338455	-5.348986	6.546381	6.509799
234	-5.354940	-5.349011	6.526511	6.509871
235	-5.374534	-5.349120	6.500339	6.509830
236	-5.317371	-5.348986	6.498442	6.509782
237	-5.319527	-5.348861	6.496226	6.509725
238	-5.350642	-5.348869	6.483050	6.509613
239	-5.358461	-5.348909	6.514966	6.509635
240	-5.337138	-5.348860	6.476458	6.509497
241	-5.358129	-5.348898	6.520626	6.509543
242	-5.316043	-5.348762	6.547081	6.509698
243	-5.353004	-5.348780	6.493324	6.509631
244	-5.358994	-5.348822	6.482940	6.509521
245	-5.341489	-5.348792	6.528010	6.509597
246	-5.354483	-5.348815	6.499670	6.509556
247	-5.394017	-5.348998	6.509889	6.509558
248	-5.356607	-5.349029	6.533018	6.509652
249	-5.333932	-5.348968	6.533099	6.509747
250	-5.377638	-5.349083	6.519809	6.509787
251	-5.354646	-5.349105	6.515079	6.509808
252	-5.345097	-5.349089	6.514752	6.509828
253	-5.334317	-5.349031	6.506776	6.509815
254	-5.333156	-5.348968	6.524827	6.509875
255	-5.340217	-5.348934	6.522242	6.509923
256	-5.347532	-5.348928	6.512107	6.509932
257	-5.348570	-5.348927	6.518630	6.509965
258	-5.370036	-5.349009	6.525867	6.510027
259	-5.381144	-5.349133	6.504607	6.510006
260	-5.370869	-5.349216	6.481119	6.509895
261	-5.358732	-5.349253	6.527906	6.509964
262	-5.347729	-5.349247	6.514917	6.509983
263	-5.382724	-5.349374	6.463524	6.509806
264	-5.368005	-5.349445	6.492360	6.509740
265	-5.335121	-5.349391	6.515327	6.509761
266	-5.346551	-5.349380	6.479199	6.509646
267	-5.335782	-5.349329	6.519913	6.509685
268	-5.322221	-5.349228	6.514958	6.509705
269	-5.347668	-5.349222	6.504742	6.509686
270	-5.302056	-5.349048	6.495625	6.509634
271	-5.318071	-5.348933	6.518117	6.509665
272	-5.342714	-5.348910	6.543018	6.509788
273	-5.324853	-5.348822	6.519505	6.509824
274	-5.351882	-5.348833	6.498078	6.509781
275	-5.345636	-5.348822	6.503116	6.509756
276	-5.335148	-5.348772	6.497788	6.509713
277	-5.334457	-5.348721	6.506912	6.509703
278	-5.341616	-5.348695	6.497878	6.509660
279	-5.368305	-5.348765	6.511787	6.509668
280	-5.378666	-5.348872	6.484405	6.509578
281	-5.365388	-5.348931	6.523790	6.509628
282	-5.381092	-5.349045	6.499745	6.509593
283	-5.354874	-5.349066	6.519375	6.509628
284	-5.386953	-5.349199	6.515474	6.509648
285	-5.334097	-5.349146	6.503069	6.509625
286	-5.324012	-5.349058	6.508187	6.509620
287	-5.328090	-5.348985	6.514807	6.509638
288	-5.353043	-5.348999	6.450305	6.509432
289	-5.367752	-5.349064	6.475242	6.509314
290	-5.341413	-5.349038	6.500588	6.509284
291	-5.340261	-5.349007	6.522173	6.509328
292	-5.346156	-5.348998	6.507002	6.509320
293	-5.369631	-5.349068	6.499504	6.509287
294	-5.372189	-5.349147	6.488036	6.509215
295	-5.332204	-5.349089	6.504721	6.509199
296	-5.344946	-5.349075	6.476910	6.509090
297	-5.356773	-5.349101	6.517613	6.509119
298	-5.328081	-5.349031	6.512297	6.509130
299	-5.353329	-5.349045	6.518633	6.509161
300	-5.329554	-5.348980	6.492885	6.509107
