172.930747	1741.913644	-1611.282889	-911.163454	1963.293372	-869.282880
479.410750	1804.771949	-1645.728110	-668.498565	1636.640130	-1248.204753
804.236002	1798.373124	-1581.339080	-636.595847	1432.338163	-1321.558369
564.845915	1825.344922	-1578.114907	-573.667154	1442.434270	-1347.817622
737.005452	1748.920440	-1799.638389	-529.451072	1626.557939	-1304.205780
490.628930	1876.992784	-1583.214232	-537.679778	1420.991032	-1394.261162
1085.235527	1635.029029	-1605.733503	-149.218774	1042.769558	-1774.662821
79.462392	1800.499615	-1472.283563	-983.579430	1753.813542	-946.125426
81.513982	1826.973380	-1543.700837	-982.954730	1782.316924	-979.239368
247.036286	1772.880313	-1569.560082	-1017.173552	1852.879030	-1046.846567
264.450106	1807.914757	-1537.508368	-949.936459	1673.393228	-1152.792223
313.627728	1647.805439	-1449.159302	-857.521180	1661.721918	-1233.951556
326.852845	1872.500075	-1644.621648	-885.326555	1864.007642	-1069.374166
483.021960	1888.154536	-1556.072715	-829.886442	1652.107056	-1203.366431
408.687955	1777.283661	-1602.269656	-721.194077	1775.446236	-1046.474609
-281.805239	1828.899375	-1179.353248	-1236.704254	2013.734955	-728.685752
50.572002	1766.134131	-1483.020386	-971.956388	1823.197799	-969.092465
-21.134819	1932.921231	-1371.040608	-1142.194551	1853.577572	-838.981292
700.848062	1757.259266	-1660.696358	-580.276681	1514.024139	-1226.699212
879.502883	1804.355125	-1695.168457	-329.606002	1137.345576	-1508.226842
539.761907	1874.688520	-1581.608940	-581.355009	1432.244572	-1352.356375
-407.835356	1904.843668	-968.177858	-1317.576064	1958.344756	-504.231876
-270.104126	1835.908886	-1135.323917	-1465.836744	1970.632138	-464.386600
-12.544145	1825.244354	-1390.870730	-1354.362665	1937.506739	-750.649722
743.307132	1767.256239	-1655.456030	-405.581331	1608.938270	-1431.076861
-311.243183	1722.779023	-1038.577256	-1364.244307	2103.804447	-441.025510
42.752652	1702.985696	-1464.362728	-1279.413171	1880.446642	-872.576743
30.812368	1686.393963	-1427.388881	-1141.304409	1915.794581	-860.358451
-262.317040	1649.181766	-1258.069482	-1227.385131	1925.706757	-659.964784
-282.193855	1786.241763	-1275.655622	-1217.661785	1967.302353	-606.294897
-324.691376	1779.809198	-1304.341725	-1301.344850	2159.487130	-588.319084
-455.681839	1751.530468	-1167.201044	-1437.158612	2076.094861	-387.960772
-428.279869	1749.836241	-1170.435529	-1442.649224	2076.110911	-399.311146
-195.088252	1888.621830	-1405.276161	-1379.231499	2016.218452	-659.536740
-278.602361	1973.556260	-1179.959477	-1457.347894	1933.474694	-604.899205
-1.286499	1795.507869	-1414.555336	-1317.047681	1991.003772	-757.985699
-259.400788	1714.798928	-1118.571718	-1495.118577	1908.014905	-557.359974
218.545721	1753.212013	-1449.002696	-1109.384628	1765.987081	-953.989773
-523.793644	1782.128103	-914.707285	-1584.685607	1832.184154	-392.688389
-454.276496	1802.216551	-1026.711327	-1483.043356	2051.919436	-490.315920
-411.826845	1847.535004	-1014.493954	-1541.981521	2022.821787	-393.204347
-334.044829	1829.899994	-1050.083508	-1542.044674	1973.801213	-449.277049
-642.622194	1736.475287	-940.268735	-1610.424462	2017.397586	-439.566981
-541.187004	1759.271646	-949.306391	-1646.974503	2012.066965	-309.750967
158.988941	1903.656804	-1400.473353	-1139.661877	1773.054067	-993.214949
369.763517	1730.280820	-1611.769407	-963.687847	1791.611131	-1003.171738
-9.984389	1864.742718	-1449.409715	-1095.546331	1911.394296	-1019.433851
-3.167377	1739.536803	-1472.819256	-1045.006955	1908.050922	-947.095901
325.496631	1775.541617	-1483.499966	-968.305180	1770.925528	-1072.289729
599.067931	1902.370220	-1669.126348	-568.609772	1503.255561	-1436.033971
1554.731003	1198.461214	-1588.067757	558.382245	614.968217	-1909.648369
1476.436245	1314.136204	-1640.158842	379.698364	652.024476	-1973.174714
1453.311454	1481.994418	-1779.305814	270.559304	762.991536	-1932.097314
323.384048	1886.384983	-1606.652631	-938.811919	1657.879230	-1047.151542
-345.479407	1887.651793	1615.561145	-736.848338	-1609.476987	-955.454776
1127.705425	-1365.458715	46.106452	1961.118350	-2083.766440	-617.863466
1076.132551	1199.144254	115.562054	-2011.886208	-1787.016447	549.524084
-1145.913795	1615.296726	-846.486442	-1593.892064	1827.136283	238.946655
-1058.060390	1715.143637	-838.834533	-1647.402113	1828.774404	135.454946
-1003.204041	1822.806373	-753.354158	-1527.703073	1926.855698	116.730488
-1023.942989	1834.940419	-770.487191	-1539.615436	1880.954943	99.391502
-1954.806820	359.518740	1320.611486	934.421069	204.811076	-1997.327015
470.103116	-1872.023585	-1998.164909	273.276794	1165.434771	1275.185974
396.051869	-1914.481175	-1980.205894	292.280240	1106.347711	1262.293337
304.578034	-1964.930836	-1816.148308	446.303862	1200.518380	1068.310453
753.439743	-1785.303466	-2078.887788	115.184797	919.693910	1433.251415
675.242185	-1819.881065	-2106.909406	1.169365	964.793486	1523.104261
1086.304346	-1447.986629	-1809.568663	-574.240547	374.948362	1878.702866
1786.036801	-540.151069	-1494.304853	-1245.553008	-273.922283	2073.256454
1744.431518	-658.729062	-1540.508722	-1120.483595	-270.235110	2080.037725
1704.250211	-673.872593	-1624.003744	-1102.769098	-385.122005	2069.380172
1722.646072	-536.130168	-1515.942846	-1120.955556	-291.536932	2035.984705
148.636467	2146.375803	-1824.897904	-546.703581	1584.570983	-994.475876
-45.680344	-2013.232648	-1072.906366	1084.193432	2289.157261	635.411542
-462.450941	-1683.806750	-469.199051	1535.246147	2264.351452	59.811309
-515.595315	-1645.599365	-559.727867	1542.748401	2317.479541	-60.787156
276.912628	-1831.463802	-1902.724730	159.291717	1004.628446	1476.645500
350.344367	-1954.333043	-1944.987717	394.783415	1104.209465	1404.874328
355.657342	-1735.677268	-2035.143551	312.544114	1048.219461	1519.017775
-1078.927685	-1095.167241	60.051070	2023.747983	2055.418815	-669.397919
