1	-5.341061	-5.341061
2	-5.368265	-5.354663
3	-5.349379	-5.352902
4	-5.353742	-5.353112
5	-5.358678	-5.354225
6	-5.365877	-5.356167
7	-5.351523	-5.355503
8	-5.354951	-5.355434
9	-5.347995	-5.354608
10	-5.341647	-5.353312
11	-5.352498	-5.353238
12	-5.328664	-5.351190
13	-5.355542	-5.351525
14	-5.367112	-5.352638
15	-5.355657	-5.352839
16	-5.336900	-5.351843
17	-5.349464	-5.351703
18	-5.349001	-5.351553
19	-5.356592	-5.351818
20	-5.365127	-5.352484
21	-5.351087	-5.352417
22	-5.352184	-5.352407
23	-5.379095	-5.353567
24	-5.336959	-5.352875
25	-5.336453	-5.352218
26	-5.359893	-5.352513
27	-5.352305	-5.352506
28	-5.345501	-5.352255
29	-5.357538	-5.352438
30	-5.357495	-5.352606
31	-5.336950	-5.352101
32	-5.358611	-5.352305
33	-5.350593	-5.352253
34	-5.351779	-5.352239
35	-5.352267	-5.352240
36	-5.343210	-5.351989
37	-5.321873	-5.351175
38	-5.362883	-5.351483
39	-5.333262	-5.351016
40	-5.352126	-5.351043
41	-5.359822	-5.351258
42	-5.332748	-5.350817
43	-5.352229	-5.350850
44	-5.336638	-5.350527
45	-5.338819	-5.350267
46	-5.354164	-5.350351
47	-5.358590	-5.350527
48	-5.348863	-5.350492
49	-5.367579	-5.350841
50	-5.322438	-5.350273
51	-5.342932	-5.350129
52	-5.319929	-5.349548
53	-5.375073	-5.350029
54	-5.351944	-5.350065
55	-5.364748	-5.350332
56	-5.348012	-5.350290
57	-5.356124	-5.350393
58	-5.339002	-5.350196
59	-5.348092	-5.350161
60	-5.342486	-5.350033
61	-5.335660	-5.349797
62	-5.348838	-5.349782
63	-5.365073	-5.350024
64	-5.334811	-5.349787
65	-5.340427	-5.349643
66	-5.369473	-5.349943
67	-5.345651	-5.349879
68	-5.351271	-5.349900
69	-5.336163	-5.349701
70	-5.363702	-5.349901
71	-5.351624	-5.349925
72	-5.382831	-5.350382
73	-5.343087	-5.350282
74	-5.335325	-5.350080
75	-5.368538	-5.350326
76	-5.357079	-5.350415
77	-5.349563	-5.350404
78	-5.371128	-5.350669
79	-5.363316	-5.350830
80	-5.325561	-5.350514
81	-5.368023	-5.350730
82	-5.382792	-5.351121
83	-5.348238	-5.351086
84	-5.354850	-5.351131
85	-5.335612	-5.350948
86	-5.337420	-5.350791
87	-5.372837	-5.351044
88	-5.336898	-5.350884
89	-5.376137	-5.351167
90	-5.333144	-5.350967
91	-5.365978	-5.351132
92	-5.373214	-5.351372
93	-5.358678	-5.351451
94	-5.334422	-5.351270
95	-5.354212	-5.351300
96	-5.375265	-5.351550
97	-5.373144	-5.351773
98	-5.346358	-5.351717
99	-5.363548	-5.351837
100	-5.366877	-5.351987
101	-5.345058	-5.351919
102	-5.355017	-5.351949
103	-5.352143	-5.351951
104	-5.346063	-5.351894
105	-5.368616	-5.352054
106	-5.334705	-5.351890
107	-5.360890	-5.351974
108	-5.382895	-5.352260
109	-5.350700	-5.352246
110	-5.347964	-5.352207
111	-5.357425	-5.352254
112	-5.333650	-5.352088
113	-5.353660	-5.352102
114	-5.346172	-5.352050
115	-5.379196	-5.352286
116	-5.354307	-5.352303
117	-5.351728	-5.352299
118	-5.357779	-5.352345
119	-5.364127	-5.352444
120	-5.327954	-5.352240
121	-5.349860	-5.352220
122	-5.353157	-5.352228
123	-5.361599	-5.352304
124	-5.353672	-5.352315
125	-5.343725	-5.352246
126	-5.349506	-5.352225
127	-5.355962	-5.352254
128	-5.340775	-5.352164
129	-5.374041	-5.352334
130	-5.359037	-5.352386
131	-5.336163	-5.352262
132	-5.358317	-5.352308
133	-5.322545	-5.352084
134	-5.359224	-5.352137
135	-5.342801	-5.352068
136	-5.334126	-5.351936
137	-5.348741	-5.351913
138	-5.355439	-5.351938
139	-5.356009	-5.351968
140	-5.338583	-5.351872
141	-5.378726	-5.352062
142	-5.349763	-5.352046
143	-5.345119	-5.351998
144	-5.345784	-5.351955
145	-5.370861	-5.352085
146	-5.353483	-5.352095
147	-5.368351	-5.352205
148	-5.360158	-5.352259
149	-5.351430	-5.352253
150	-5.346691	-5.352216
151	-5.330961	-5.352075
152	-5.326171	-5.351905
153	-5.359893	-5.351957
154	-5.363437	-5.352032
155	-5.338736	-5.351946
156	-5.370314	-5.352064
157	-5.345202	-5.352020
158	-5.390383	-5.352263
159	-5.355527	-5.352283
160	-5.355654	-5.352304
161	-5.355319	-5.352323
162	-5.352344	-5.352323
163	-5.379940	-5.352493
164	-5.375545	-5.352633
165	-5.339548	-5.352554
166	-5.325968	-5.352394
167	-5.334965	-5.352289
168	-5.359823	-5.352334
169	-5.355424	-5.352353
170	-5.347283	-5.352323
171	-5.339001	-5.352245
172	-5.356677	-5.352271
173	-5.343362	-5.352219
174	-5.371095	-5.352328
175	-5.352859	-5.352331
176	-5.367746	-5.352418
177	-5.343256	-5.352366
178	-5.352389	-5.352367
179	-5.355399	-5.352384
180	-5.369951	-5.352481
181	-5.364027	-5.352545
182	-5.344136	-5.352499
183	-5.349765	-5.352484
184	-5.312841	-5.352268
185	-5.354330	-5.352279
186	-5.365374	-5.352350
187	-5.330855	-5.352235
188	-5.340522	-5.352173
189	-5.336837	-5.352091
190	-5.343870	-5.352048
191	-5.348714	-5.352031
192	-5.344295	-5.351990
193	-5.344696	-5.351953
194	-5.337127	-5.351876
195	-5.350282	-5.351868
196	-5.356651	-5.351892
197	-5.331874	-5.351791
198	-5.341171	-5.351737
199	-5.315092	-5.351553
200	-5.371178	-5.351651
201	-5.353776	-5.351662
202	-5.339776	-5.351603
203	-5.333652	-5.351515
204	-5.352215	-5.351518
205	-5.377841	-5.351646
206	-5.325915	-5.351521
207	-5.350688	-5.351517
208	-5.350815	-5.351514
209	-5.338609	-5.351452
210	-5.328926	-5.351345
211	-5.359197	-5.351382
212	-5.339257	-5.351325
213	-5.361399	-5.351372
214	-5.344945	-5.351342
215	-5.359736	-5.351381
216	-5.341779	-5.351337
217	-5.368042	-5.351414
218	-5.355555	-5.351433
219	-5.343382	-5.351396
220	-5.352518	-5.351401
221	-5.333945	-5.351322
222	-5.347910	-5.351307
223	-5.371101	-5.351396
224	-5.357568	-5.351423
225	-5.333891	-5.351345
226	-5.337073	-5.351282
227	-5.336082	-5.351215
228	-5.345794	-5.351191
229	-5.364793	-5.351251
230	-5.356256	-5.351273
231	-5.338565	-5.351217
232	-5.369271	-5.351295
233	-5.338742	-5.351241
234	-5.366856	-5.351308
235	-5.329114	-5.351214
236	-5.345669	-5.351190
237	-5.348275	-5.351178
238	-5.365794	-5.351239
239	-5.330671	-5.351153
240	-5.358972	-5.351186
241	-5.327866	-5.351089
242	-5.328306	-5.350995
243	-5.349701	-5.350990
244	-5.345616	-5.350968
245	-5.334853	-5.350902
246	-5.361503	-5.350945
247	-5.345537	-5.350923
248	-5.353958	-5.350935
249	-5.350446	-5.350933
250	-5.334246	-5.350867
251	-5.371951	-5.350951
252	-5.340129	-5.350908
253	-5.342431	-5.350874
254	-5.345942	-5.350855
255	-5.360815	-5.350894
256	-5.338662	-5.350846
257	-5.343815	-5.350819
258	-5.350841	-5.350819
259	-5.369175	-5.350890
260	-5.346058	-5.350871
261	-5.360777	-5.350909
262	-5.340117	-5.350868
263	-5.347527	-5.350855
264	-5.323971	-5.350753
265	-5.367614	-5.350817
266	-5.333402	-5.350751
267	-5.352454	-5.350758
268	-5.321210	-5.350647
269	-5.364432	-5.350699
270	-5.361350	-5.350738
271	-5.358534	-5.350767
272	-5.339958	-5.350727
273	-5.346232	-5.350711
274	-5.361586	-5.350750
275	-5.334609	-5.350692
276	-5.362089	-5.350733
277	-5.353564	-5.350743
278	-5.339068	-5.350701
279	-5.347557	-5.350690
280	-5.368444	-5.350753
281	-5.335546	-5.350699
282	-5.364205	-5.350747
283	-5.353187	-5.350756
284	-5.345045	-5.350736
285	-5.364864	-5.350785
286	-5.335150	-5.350731
287	-5.386951	-5.350857
288	-5.321547	-5.350755
289	-5.345496	-5.350737
290	-5.343278	-5.350711
291	-5.365403	-5.350762
292	-5.356044	-5.350780
293	-5.369634	-5.350844
294	-5.358915	-5.350871
295	-5.344299	-5.350849
296	-5.346964	-5.350836
297	-5.369250	-5.350898
298	-5.334103	-5.350842
299	-5.353240	-5.350850
300	-5.345603	-5.350832
301	-5.348993	-5.350826
302	-5.355062	-5.350840
303	-5.358685	-5.350866
304	-5.357922	-5.350889
305	-5.352686	-5.350895
306	-5.361424	-5.350930
307	-5.348250	-5.350921
308	-5.345996	-5.350905
309	-5.363635	-5.350946
310	-5.370762	-5.351010
311	-5.354160	-5.351020
312	-5.373498	-5.351092
313	-5.363249	-5.351131
314	-5.354549	-5.351142
315	-5.364397	-5.351184
316	-5.336143	-5.351136
317	-5.336653	-5.351091
318	-5.332805	-5.351033
319	-5.353125	-5.351040
320	-5.361248	-5.351072
321	-5.357713	-5.351092
322	-5.342533	-5.351066
323	-5.321374	-5.350974
324	-5.340411	-5.350941
325	-5.360964	-5.350972
326	-5.329247	-5.350905
327	-5.349661	-5.350902
328	-5.352805	-5.350907
329	-5.318869	-5.350810
330	-5.328041	-5.350741
331	-5.351648	-5.350744
332	-5.361694	-5.350777
333	-5.330490	-5.350716
334	-5.356318	-5.350733
335	-5.342918	-5.350709
336	-5.359019	-5.350734
337	-5.360012	-5.350762
338	-5.351585	-5.350764
339	-5.362288	-5.350798
340	-5.334463	-5.350750
341	-5.371127	-5.350810
342	-5.384604	-5.350908
343	-5.332841	-5.350856
344	-5.333533	-5.350805
345	-5.339083	-5.350771
346	-5.357891	-5.350792
347	-5.374955	-5.350862
348	-5.326661	-5.350792
349	-5.350676	-5.350792
350	-5.376980	-5.350867
351	-5.356196	-5.350882
352	-5.357737	-5.350901
353	-5.340854	-5.350873
354	-5.341285	-5.350846
355	-5.342593	-5.350822
356	-5.340291	-5.350793
357	-5.353379	-5.350800
358	-5.349929	-5.350798
359	-5.375409	-5.350866
360	-5.356368	-5.350882
361	-5.352463	-5.350886
362	-5.368561	-5.350935
363	-5.333955	-5.350888
364	-5.357755	-5.350907
365	-5.348535	-5.350900
366	-5.340613	-5.350872
367	-5.344238	-5.350854
368	-5.370320	-5.350907
369	-5.375813	-5.350975
370	-5.341528	-5.350949
371	-5.357144	-5.350966
372	-5.346462	-5.350954
373	-5.326711	-5.350889
374	-5.344215	-5.350871
375	-5.350024	-5.350869
376	-5.337210	-5.350832
377	-5.347980	-5.350825
378	-5.341708	-5.350801
379	-5.362117	-5.350830
380	-5.355500	-5.350843
381	-5.338016	-5.350809
382	-5.349296	-5.350805
383	-5.343597	-5.350786
384	-5.347299	-5.350777
385	-5.352230	-5.350781
386	-5.341012	-5.350756
387	-5.370843	-5.350808
388	-5.353519	-5.350814
389	-5.356887	-5.350830
390	-5.351892	-5.350833
391	-5.343986	-5.350815
392	-5.348925	-5.350810
393	-5.340033	-5.350783
394	-5.351554	-5.350785
395	-5.348051	-5.350778
396	-5.337062	-5.350743
397	-5.363674	-5.350776
398	-5.347261	-5.350767
399	-5.353151	-5.350773
400	-5.370936	-5.350824
401	-5.332607	-5.350778
402	-5.368463	-5.350822
403	-5.353748	-5.350829
404	-5.342593	-5.350809
405	-5.357154	-5.350825
406	-5.363095	-5.350855
407	-5.360688	-5.350879
408	-5.357438	-5.350895
409	-5.346376	-5.350884
410	-5.330575	-5.350835
411	-5.378031	-5.350901
412	-5.351765	-5.350903
413	-5.345276	-5.350889
414	-5.333200	-5.350846
415	-5.325895	-5.350786
416	-5.369254	-5.350831
417	-5.347069	-5.350822
418	-5.334563	-5.350783
419	-5.344877	-5.350769
420	-5.340298	-5.350744
421	-5.342483	-5.350724
422	-5.362769	-5.350753
423	-5.346651	-5.350743
424	-5.357565	-5.350759
425	-5.326802	-5.350703
426	-5.346783	-5.350694
427	-5.351045	-5.350694
428	-5.332319	-5.350651
429	-5.358582	-5.350670
430	-5.353226	-5.350676
431	-5.350671	-5.350676
432	-5.380580	-5.350745
433	-5.357924	-5.350762
434	-5.373842	-5.350815
435	-5.326507	-5.350759
436	-5.362493	-5.350786
437	-5.374016	-5.350839
438	-5.356337	-5.350852
439	-5.346850	-5.350842
440	-5.342169	-5.350823
441	-5.360192	-5.350844
442	-5.329965	-5.350797
443	-5.353769	-5.350803
444	-5.360405	-5.350825
445	-5.341873	-5.350805
446	-5.354829	-5.350814
447	-5.335966	-5.350781
448	-5.363575	-5.350809
449	-5.344372	-5.350795
450	-5.380039	-5.350860
451	-5.360334	-5.350881
452	-5.365606	-5.350914
453	-5.363496	-5.350941
454	-5.342468	-5.350923
455	-5.339472	-5.350898
456	-5.346713	-5.350888
457	-5.382189	-5.350957
458	-5.350390	-5.350956
459	-5.361642	-5.350979
460	-5.356319	-5.350990
461	-5.337220	-5.350961
462	-5.387814	-5.351040
463	-5.362959	-5.351066
464	-5.343818	-5.351051
465	-5.332882	-5.351011
466	-5.349306	-5.351008
467	-5.373942	-5.351057
468	-5.352086	-5.351059
469	-5.340935	-5.351038
470	-5.367665	-5.351073
471	-5.361603	-5.351095
472	-5.360261	-5.351115
473	-5.356777	-5.351127
474	-5.352841	-5.351130
475	-5.357563	-5.351144
476	-5.324372	-5.351088
477	-5.353588	-5.351093
478	-5.356434	-5.351104
479	-5.333917	-5.351068
480	-5.354648	-5.351076
481	-5.345411	-5.351064
482	-5.326094	-5.351012
483	-5.355127	-5.351020
484	-5.364868	-5.351049
485	-5.326161	-5.350998
486	-5.329499	-5.350954
487	-5.345478	-5.350942
488	-5.343905	-5.350928
489	-5.360326	-5.350947
490	-5.351999	-5.350949
491	-5.339648	-5.350926
492	-5.363490	-5.350952
493	-5.340986	-5.350932
494	-5.383256	-5.350997
495	-5.360638	-5.351016
496	-5.358695	-5.351032
497	-5.365793	-5.351062
498	-5.340497	-5.351040
499	-5.333209	-5.351005
500	-5.332750	-5.350968
