1	-2.040030	-2.040030
2	-4.899580	-3.469805
3	-5.332437	-4.090682
4	-5.358193	-4.407560
5	-5.359033	-4.597855
6	-5.317950	-4.717871
7	-5.317921	-4.803592
8	-5.391289	-4.877054
9	-5.349899	-4.929592
10	-5.342515	-4.970885
11	-5.364595	-5.006677
12	-5.398570	-5.039334
13	-5.334035	-5.062004
14	-5.352892	-5.082781
15	-5.343563	-5.100167
16	-5.316801	-5.113706
17	-5.360941	-5.128250
18	-5.379185	-5.142191
19	-5.298859	-5.150436
20	-5.319562	-5.158893
21	-5.359858	-5.168462
22	-5.343743	-5.176430
23	-5.343725	-5.183703
24	-5.374511	-5.191654
25	-5.384640	-5.199373
26	-5.343919	-5.204933
27	-5.367011	-5.210935
28	-5.339764	-5.215536
29	-5.351701	-5.220232
30	-5.311825	-5.223285
31	-5.332940	-5.226822
32	-5.347107	-5.230581
33	-5.366400	-5.234697
34	-5.362420	-5.238453
35	-5.356867	-5.241837
36	-5.359397	-5.245102
37	-5.360231	-5.248214
38	-5.356241	-5.251057
39	-5.355938	-5.253746
40	-5.345500	-5.256040
41	-5.358672	-5.258543
42	-5.320924	-5.260028
43	-5.365075	-5.262471
44	-5.355791	-5.264592
45	-5.342960	-5.266334
46	-5.323109	-5.267568
47	-5.345789	-5.269232
48	-5.357109	-5.271063
49	-5.342191	-5.272514
50	-5.334216	-5.273749
51	-5.368716	-5.275611
52	-5.351630	-5.277073
53	-5.340966	-5.278278
54	-5.360178	-5.279795
55	-5.352543	-5.281117
56	-5.334937	-5.282078
57	-5.338118	-5.283062
58	-5.383858	-5.284800
59	-5.345886	-5.285835
60	-5.345588	-5.286831
61	-5.349520	-5.287858
62	-5.330389	-5.288544
63	-5.371891	-5.289867
64	-5.346132	-5.290747
65	-5.334998	-5.291427
66	-5.355510	-5.292398
67	-5.338390	-5.293085
68	-5.356906	-5.294023
69	-5.336782	-5.294643
70	-5.376130	-5.295807
71	-5.371379	-5.296871
72	-5.329592	-5.297326
73	-5.344183	-5.297968
74	-5.332959	-5.298441
75	-5.349850	-5.299126
76	-5.364518	-5.299987
77	-5.335747	-5.300451
78	-5.352720	-5.301121
79	-5.355478	-5.301809
80	-5.349267	-5.302402
81	-5.365017	-5.303175
82	-5.349778	-5.303744
83	-5.346493	-5.304259
84	-5.346632	-5.304763
85	-5.364744	-5.305469
86	-5.342195	-5.305896
87	-5.348207	-5.306382
88	-5.329029	-5.306640
89	-5.345223	-5.307073
90	-5.351244	-5.307564
91	-5.322073	-5.307723
92	-5.330322	-5.307969
93	-5.343463	-5.308351
94	-5.353984	-5.308836
95	-5.299532	-5.308738
96	-5.350670	-5.309175
97	-5.353979	-5.309637
98	-5.324569	-5.309789
99	-5.357781	-5.310274
100	-5.357348	-5.310745
101	-5.377197	-5.311403
102	-5.338287	-5.311666
103	-5.346969	-5.312009
104	-5.350777	-5.312382
105	-5.349311	-5.312733
106	-5.328385	-5.312881
107	-5.367258	-5.313389
108	-5.323711	-5.313485
109	-5.360097	-5.313912
110	-5.344728	-5.314193
111	-5.352467	-5.314537
112	-5.350020	-5.314854
113	-5.330112	-5.314989
114	-5.341381	-5.315221
115	-5.338371	-5.315422
116	-5.356500	-5.315776
117	-5.349721	-5.316066
118	-5.338130	-5.316253
119	-5.345976	-5.316503
120	-5.337241	-5.316676
121	-5.366566	-5.317088
122	-5.369525	-5.317518
123	-5.348721	-5.317772
124	-5.347857	-5.318014
125	-5.361296	-5.318361
126	-5.322693	-5.318395
127	-5.369762	-5.318799
128	-5.332565	-5.318907
129	-5.357882	-5.319209
130	-5.373580	-5.319627
131	-5.363050	-5.319959
132	-5.323638	-5.319987
133	-5.352473	-5.320231
134	-5.354921	-5.320490
135	-5.355129	-5.320746
136	-5.347986	-5.320947
137	-5.335487	-5.321053
138	-5.343322	-5.321214
139	-5.366773	-5.321542
140	-5.346129	-5.321718
141	-5.381204	-5.322139
142	-5.359221	-5.322401
143	-5.339560	-5.322521
144	-5.327532	-5.322555
145	-5.337725	-5.322660
146	-5.325798	-5.322682
147	-5.363748	-5.322961
148	-5.358768	-5.323203
149	-5.341665	-5.323327
150	-5.352922	-5.323524
151	-5.345043	-5.323667
152	-5.345944	-5.323813
153	-5.379597	-5.324178
154	-5.344643	-5.324311
155	-5.357751	-5.324526
156	-5.335424	-5.324596
157	-5.336431	-5.324672
158	-5.332049	-5.324718
159	-5.381417	-5.325075
160	-5.368252	-5.325345
161	-5.364270	-5.325586
162	-5.378349	-5.325912
163	-5.340998	-5.326005
164	-5.369254	-5.326268
165	-5.349946	-5.326412
166	-5.358369	-5.326604
167	-5.382587	-5.326940
168	-5.360090	-5.327137
169	-5.365301	-5.327363
170	-5.353348	-5.327516
171	-5.314935	-5.327442
172	-5.360000	-5.327631
173	-5.399692	-5.328048
174	-5.339801	-5.328115
175	-5.329957	-5.328126
176	-5.345846	-5.328227
177	-5.336818	-5.328275
178	-5.360370	-5.328456
179	-5.339228	-5.328516
180	-5.341179	-5.328586
181	-5.333599	-5.328614
182	-5.359517	-5.328784
183	-5.362325	-5.328967
184	-5.376515	-5.329225
185	-5.335561	-5.329260
186	-5.344091	-5.329339
187	-5.352232	-5.329462
188	-5.353377	-5.329589
189	-5.333061	-5.329607
190	-5.361051	-5.329773
191	-5.377754	-5.330024
192	-5.329900	-5.330023
193	-5.335046	-5.330049
194	-5.337521	-5.330088
195	-5.335504	-5.330116
196	-5.319281	-5.330060
197	-5.315097	-5.329984
198	-5.363096	-5.330152
199	-5.367295	-5.330338
200	-5.318283	-5.330278
201	-5.352270	-5.330387
202	-5.371309	-5.330590
203	-5.377798	-5.330823
204	-5.362314	-5.330977
205	-5.354175	-5.331090
206	-5.372436	-5.331291
207	-5.362426	-5.331441
208	-5.329160	-5.331430
209	-5.337707	-5.331460
210	-5.354846	-5.331572
211	-5.343799	-5.331630
212	-5.368215	-5.331802
213	-5.355598	-5.331914
214	-5.348561	-5.331992
215	-5.342235	-5.332039
216	-5.382389	-5.332272
217	-5.348449	-5.332347
218	-5.355440	-5.332453
219	-5.335552	-5.332467
220	-5.321853	-5.332419
221	-5.372830	-5.332602
222	-5.316345	-5.332528
223	-5.342350	-5.332572
224	-5.344011	-5.332624
225	-5.330321	-5.332613
226	-5.348847	-5.332685
227	-5.341947	-5.332726
228	-5.364880	-5.332867
229	-5.336467	-5.332883
230	-5.339775	-5.332913
231	-5.315931	-5.332839
232	-5.340696	-5.332873
233	-5.388392	-5.333111
234	-5.347404	-5.333172
235	-5.387130	-5.333402
236	-5.376982	-5.333587
237	-5.348701	-5.333650
238	-5.337151	-5.333665
239	-5.354787	-5.333753
240	-5.341999	-5.333788
241	-5.317737	-5.333721
242	-5.345192	-5.333769
243	-5.342206	-5.333803
244	-5.387451	-5.334023
245	-5.318287	-5.333959
246	-5.353455	-5.334038
247	-5.398281	-5.334298
248	-5.355586	-5.334384
249	-5.327253	-5.334356
250	-5.318688	-5.334293
251	-5.340007	-5.334316
252	-5.355631	-5.334400
253	-5.350040	-5.334462
254	-5.327707	-5.334435
255	-5.317604	-5.334369
256	-5.392699	-5.334597
257	-5.353690	-5.334672
258	-5.337220	-5.334681
259	-5.386558	-5.334882
260	-5.334919	-5.334882
261	-5.317998	-5.334817
262	-5.343730	-5.334851
263	-5.355258	-5.334929
264	-5.363610	-5.335037
265	-5.344277	-5.335072
266	-5.356652	-5.335153
267	-5.334736	-5.335152
268	-5.331715	-5.335139
269	-5.333454	-5.335133
270	-5.353269	-5.335200
271	-5.359355	-5.335289
272	-5.332075	-5.335277
273	-5.355483	-5.335351
274	-5.334449	-5.335348
275	-5.321186	-5.335296
276	-5.368576	-5.335417
277	-5.353048	-5.335481
278	-5.347388	-5.335524
279	-5.361468	-5.335617
280	-5.347754	-5.335660
281	-5.326115	-5.335626
282	-5.351825	-5.335683
283	-5.338455	-5.335693
284	-5.354940	-5.335761
285	-5.374534	-5.335897
286	-5.317371	-5.335832
287	-5.319527	-5.335775
288	-5.350642	-5.335827
289	-5.358461	-5.335905
290	-5.337138	-5.335910
291	-5.358129	-5.335986
292	-5.316043	-5.335918
293	-5.353004	-5.335976
294	-5.358994	-5.336054
295	-5.341489	-5.336073
296	-5.354483	-5.336135
297	-5.394017	-5.336330
298	-5.356607	-5.336398
299	-5.333932	-5.336390
300	-5.377638	-5.336527
